0 184
0 36921
0 54779
0 4379
47793 0
8590 2915
0 20013
0 36142
6623 526
51825 0
0 50919
0 12033
1190 3362
89414 0
0 14736
45 2278
3441 0
0 48740
0 40484
35959 0
0 32101
0 36540
0 32061
7103 0
460 102
27455 0
0 25625
5643 8079
0 10166
0 2587
0 71480
63887 0
13611 0
15541 0
0 18900
0 22397
1332 7520
0 26908
54058 0
0 74326
8667 0
39740 0
0 8681
63355 0
0 66040
21324 0
1981 5744
51677 0
30153 0
5524 8938
30709 0
17201 0
817 31901
0 30347
7177 5215
1630 17635
42235 0
3587 1660
7541 12973
2339 6633
0 6947
11319 0
5759 51191
22271 0
9124 3587
6498 27115
36133 1101
5202 47135
4858 22531
8098 32155
95337 0
18257 49
14729 28035
36849 512
51194 0
64687 1124
26946 16746
39463 73427
26372 24040
63981 34393
7612 0
49674 124403
47708 78705
68476 55468
43944 55841
56620 95021
79460 52461
74543 33836
84578 71084
78098 104590
103976 84661
125364 88797
130624 123540
147338 172357
163616 188331
218927 221775
249463 206639
252535 208972
259451 277299
296885 348758
