137639 138688
0 36921
0 54779
0 4379
47793 0
188246 181583
0 20013
0 36142
6097 0
51825 0
170455 208505
0 12033
169606 159600
89414 0
0 14736
0 2233
3441 0
0 48740
167712 216310
35959 0
0 32101
143425 172195
0 32061
7103 0
157112 151577
149284 118180
0 25625
152402 155390
0 10166
0 2587
0 71480
63887 0
13611 0
15541 0
0 18900
0 22397
0 6188
0 26908
54058 0
0 74326
8667 0
39740 0
0 8681
63355 0
0 66040
21324 0
0 3763
134558 85075
30153 0
0 3414
30709 0
149323 127418
131055 153063
0 30347
139366 145099
128734 146862
42235 0
1927 0
0 5432
0 4294
156108 169377
11319 0
154804 202729
22271 0
5537 0
0 20617
197048 170140
2713 44646
1833 19506
7064 31121
203928 118598
18208 0
9389 22695
36337 0
51194 0
63563 0
214141 208300
50897 84861
43216 40884
56556 26968
73778 66166
59624 134353
66412 97409
88415 75407
62199 74096
77199 115600
107317 80318
94129 53422
101209 87715
106296 132788
121390 102075
142987 106420
137519 130435
162869 187888
149075 173790
191242 194090
235185 192361
239982 196419
238132 255980
343211 398647
