0 1384075
1423 1354687
10454 1333936
10495 721051
11056 664732
12616 693447
14362 319506
14272 318678
8658 329399
4822 368168
16583 345998
11698 332183
10935 372863
6870 317025
14829 375540
10093 145214
2436 159365
11125 177156
13872 150875
18468 156364
12017 154480
7545 162693
7251 170908
4586 176849
11717 155217
3424 157760
17819 169887
3619 154635
10761 164188
14750 200913
9279 189364
11686 154209
12774 147525
7845 159848
14336 187734
5770 167525
12941 149830
16740 148119
7264 174028
7999 151965
12589 149293
9387 177489
14822 64772
4161 81685
9732 76598
11207 56167
14453 84948
16659 77054
10075 69236
12904 68121
18860 87356
14858 98507
15707 82153
3226 87124
8798 75121
12228 90628
13677 73844
9634 76765
11030 51372
14136 84869
5204 83563
9164 83451
7059 59875
17100 72189
11691 82057
15303 62215
12067 72327
13244 80608
18198 77834
16369 62681
10129 68711
6932 61477
10535 65708
14445 65760
14312 67899
11191 78226
10277 85086
14117 80720
6830 78182
14173 65423
18803 74212
12883 75879
13086 88854
6498 77031
9488 78589
9271 82476
15891 72109
9428 75718
17905 85712
14988 88829
10676 74453
7113 76205
16165 79000
10769 70584
7138 80738
15705 70768
10436 85862
18978 83384
2789 75979
6243 91386
8391 54617
10422 75218
14000 78080
7432 86601
11760 75158
6916 76921
11103 79426
11699 75863
4684 89187
12136 76595
9305 76405
14530 72533
13005 59827
10843 100762
17544 68610
15583 48045
12947 83189
7835 64420
9104 63407
4936 79729
14763 88938
3654 77742
10350 63775
8122 36524
7237 24976
8010 47596
7775 39047
10401 35069
13629 34816
3586 41487
9876 35661
10791 28893
10301 38709
16859 46699
11206 37947
5761 32406
16256 31516
12516 31925
10075 42553
9895 41269
14931 36867
11250 31702
9680 27221
15331 35187
8342 25728
9796 27428
9028 29725
7140 35773
12661 23971
9614 35634
12899 36819
12313 39498
7942 39394
10951 41262
15329 42001
9076 43061
13994 33931
12678 37476
12680 27723
13372 35827
16932 42848
19231 33109
5188 26901
6235 35104
5523 26486
5112 42396
13976 39386
8914 39483
15038 28825
11534 44678
13858 31114
10026 30183
17193 41389
11120 36277
16244 29790
15804 42141
10946 21822
12507 30654
8892 35524
9887 36935
12901 26011
5202 30088
3655 35497
11116 33274
6588 35153
6809 24727
17280 28424
11418 30793
2321 31436
8819 39723
13044 41670
12628 41892
7136 33303
14167 36518
11313 52747
8874 26165
14531 37799
7318 31671
10878 22722
11841 35844
11244 26430
6316 28833
5935 25002
11118 38919
14710 34650
9309 27798
12974 27044
9924 23235
13470 21123
9785 29882
12631 35755
19209 34802
7143 21384
10385 31637
8136 17104
13952 42821
6848 43940
4538 26019
6829 35122
16095 32741
5929 34876
12499 35382
13137 21790
12589 37244
8924 22038
12023 31271
12422 38515
17391 28806
12209 25793
7687 33990
17604 32530
7030 34734
11324 42359
12809 38846
11431 30099
11662 24391
4368 46448
8697 27354
6860 17036
6252 46371
8567 20383
13000 33463
9379 31666
11107 36551
9424 25131
7549 29457
12814 27388
8476 38133
14959 26771
6787 22755
12403 28194
11126 39357
13006 33260
11077 37739
9984 38594
6588 29129
7847 27299
8967 26173
7634 39370
14863 27294
7550 40272
8772 32525
14512 44552
13329 44268
10325 35545
8719 34660
10120 29953
10758 44567
2644 44141
9724 36545
14830 34494
16353 41548
14090 32036
9480 42898
8750 31390
9151 45872
4522 32168
10005 37267
9305 29871
8443 31680
5422 32655
16293 26780
7926 39010
9929 30672
12867 34498
13696 34178
15380 36293
9570 40240
8281 36893
13378 29595
10562 33186
5301 37072
9223 41296
15256 24398
12018 42919
13148 27822
3935 26782
15185 35467
9997 26817
11066 18137
8876 40962
10635 35579
16167 41087
2567 26318
6997 37863
10091 32791
18438 38407
6364 32672
17170 20023
9957 31026
11645 39771
12225 27593
14247 31493
10612 33987
13376 32971
12831 13819
10887 38023
15848 37945
6836 33907
6322 27287
14911 21307
14910 36467
13895 19700
12922 38090
18751 27716
8204 43281
9771 24151
17088 28133
6833 42148
7002 31041
12772 20347
11150 27399
6886 33460
13230 38723
2162 32040
15282 25892
17095 42325
9727 31842
10368 42933
11831 21895
10336 33087
18024 33827
6071 45624
14941 39513
7801 33876
15893 34707
7944 35628
9348 33801
13734 38085
9084 20715
11708 34823
9844 33508
7542 36551
7476 35144
8280 32062
9306 37835
14795 37029
18082 33350
13598 36167
5178 27741
11007 23926
7764 23785
18051 36571
6486 34476
10446 35109
9986 42270
11891 9757
11068 9730
10380 10256
6369 9938
5075 17249
6935 16314
5630 10221
10061 14319
14618 10415
3810 9696
12139 10758
12158 14219
8128 10217
8064 7746
8778 16494
16599 7284
10412 10519
11902 9484
12435 7322
11581 13892
16055 13979
15407 6176
3875 13891
8053 9288
11987 13396
7523 6938
15348 3537
15412 11125
7442 9005
13746 8455
9680 11782
13512 10233
10530 14805
17050 13437
15819 16327
15265 16595
10177 6565
15714 11196
10881 15745
8872 10851
13962 5340
15242 11374
14606 10423
10383 6767
5790 8045
12581 14662
13549 16396
4006 8976
6467 7194
6045 4772
11442 12498
4111 6909
12544 10215
8157 15980
7118 14240
16823 11058
9550 3353
4769 14930
8467 9305
6678 3979
11753 4585
12745 12894
13923 12564
12529 12094
11632 3958
19193 11093
10142 15592
8640 3646
14721 11453
8459 3221
13224 4335
5455 9038
8384 12290
15153 5788
4651 6308
8409 11592
14033 10844
10940 12294
18950 9045
13353 12068
11743 16463
12699 15336
17943 7621
11160 5978
8869 15763
9383 5252
7786 8870
4013 8317
10274 6311
6443 8552
12218 9188
12428 10463
11921 11988
14066 15652
6301 13834
12393 15227
10283 8913
12379 11219
9323 13547
7007 5063
8967 6544
16333 10179
11145 10124
13477 12921
6344 5125
4504 5811
5270 14699
9856 14270
13024 9399
9532 11618
15923 6595
17803 7388
9601 13884
11013 16007
5859 4258
8923 10446
10179 18764
5950 6285
10310 13035
15279 12294
15356 8735
9490 14316
13691 10973
3764 11673
13990 6651
12761 8042
14164 17139
13184 4616
9559 10496
18515 16326
15271 12084
13612 11606
12774 11686
18648 11092
9125 16763
10156 16745
4273 17612
7805 8109
3132 15271
16079 11289
12766 6915
15746 5941
7755 10023
6196 13045
17360 4545
9955 6454
4811 9430
19717 11312
8911 9769
12444 17858
5503 12104
5333 9374
10565 13818
8502 11231
9716 18163
7807 6172
11219 15490
10450 6672
15657 16867
12333 11410
10026 6955
8836 9921
13816 16876
10796 11506
14051 15368
13043 7056
11685 12644
16461 12547
17361 6974
13724 5137
7843 7797
10430 12101
4430 17447
3671 7141
3260 16673
10029 10399
13413 12931
10385 14995
4678 6156
12320 11630
9079 12090
11735 6929
12717 9331
6509 8329
11776 13929
15775 9205
5421 10981
4742 12862
15900 13967
7320 14564
2269 13536
3568 9551
10601 6542
10477 10773
11796 12540
12868 13857
15648 9269
11068 9687
16446 10911
12081 8837
12341 11943
8690 12121
13438 13115
19435 10249
12630 14174
7356 14382
10988 5476
9049 6616
11702 9061
6660 7647
12080 13846
11774 6294
9763 6952
10603 10858
10913 11311
12475 11040
13507 13338
10216 11264
14615 9216
13731 2880
11443 10803
3506 13983
10601 4264
9002 16989
8446 7989
4959 12406
11866 15022
17424 13714
9089 7419
11053 13194
8320 3817
10470 13813
6982 8732
16377 8548
9163 16638
8675 9759
11303 11386
5295 13975
9543 11195
9252 15394
7381 10538
14892 18055
11076 9989
11359 16076
5478 12387
7825 8793
5641 14542
8656 9947
15183 10039
10883 9631
14484 9691
15391 8169
10936 7140
5758 13246
5881 12299
13234 17166
9498 14217
14120 7371
5165 16112
14778 10833
6345 8999
11503 8885
11168 17730
8066 6551
12184 10567
8534 11220
11099 10444
8287 11576
7144 9363
13977 18372
18463 10377
7604 6240
15225 12833
16202 5549
12953 11026
11413 10199
11381 12986
19275 12879
3868 17096
12026 15714
4631 8533
8606 15400
5483 17909
9622 2859
12436 14385
7831 13123
2643 7974
10371 7370
15040 7993
16744 16930
8960 14460
7535 12189
14108 10950
11015 2600
14172 11640
4093 16734
6134 15183
12949 14576
9654 6927
6369 12145
9613 5945
5101 8115
15584 7994
14407 11608
12427 10177
13723 9677
9872 18478
8409 9965
11375 12443
11162 14967
19401 11708
12799 10339
12646 11558
11841 17432
11256 19788
4546 11202
8469 7284
10934 13836
11675 10458
12170 15839
17722 14607
10927 14581
12095 5345
12906 6556
11813 6848
13726 12193
13074 8505
18657 17008
17420 10138
11216 10351
7269 16505
5627 11496
14082 12017
6885 8273
13030 7713
10800 14276
17720 12201
8144 14485
14951 14667
15169 13452
4432 10416
16134 9176
10489 15608
12303 7800
12809 13563
10854 12317
7418 11773
9482 15872
12513 12604
10425 12759
11830 11410
10964 18800
13149 7219
6232 13334
6970 7269
9421 10693
15380 6607
12663 5897
10567 9798
10628 9065
14396 5845
14103 10509
9914 12958
19067 12563
15427 8263
10668 10433
10006 7848
9156 12103
9469 12366
8862 6096
10194 17954
9523 7595
17528 16614
12918 11441
11249 9172
5773 13057
11201 12116
6951 10319
2634 12884
10594 10254
10639 16013
4469 8949
13329 7558
18396 12551
16139 12833
14682 11390
8052 10601
17756 15099
7377 3506
7242 14163
14649 8898
9375 5743
13310 14423
11608 12117
14042 7639
7267 11594
11954 18422
15026 18922
2862 11000
9610 14502
9725 11351
12240 6004
15169 14769
15181 3745
7375 5673
7064 11018
10021 16685
6665 4319
9637 4685
5248 13959
14373 10865
13759 14833
9313 14009
8897 5326
13073 8017
12591 16961
5651 16353
17264 19102
12758 17500
13557 8824
13545 3239
9018 9293
9423 15476
13307 6219
7855 4886
12784 13466
14402 8633
10719 5656
6930 10768
15408 13543
9055 11961
6520 6222
14626 9025
8503 10179
18685 3906
16264 7025
5799 8885
15059 11742
14972 8355
7288 12150
17109 14873
11003 13890
11257 9360
8534 13187
10911 10351
10884 8714
11598 15667
10625 13199
9153 12360
13578 11488
5861 13036
11197 10651
17620 9880
10347 6291
11486 6050
9780 10606
11238 10195
6072 16776
17659 14249
15060 10669
8800 8892
8641 13736
13470 16362
3075 17059
10107 16508
10304 8865
11102 10066
15440 6689
10884 17030
7538 12909
12511 14522
14020 18290
15032 17729
16250 16673
7683 9817
10399 15047
6302 12774
13454 9023
8955 10090
4550 14943
16675 7319
3173 10606
17797 4811
2865 7491
9380 10240
15662 11682
10144 6082
13138 15392
6504 6746
7562 13609
10643 11135
11016 9100
15641 14617
15641 13834
11420 8396
11484 6014
10339 8632
11093 15299
15848 5372
13932 12495
14626 16073
6681 4601
16153 16379
4482 8000
9273 13644
4200 12787
10695 16315
8104 2906
12366 8760
11467 8791
15754 10676
17910 9888
6171 5334
7091 8724
7921 15741
16414 9705
3038 12379
8372 7191
8924 8517
14068 10359
5418 17046
11634 13818
9749 9636
15498 9502
17001 16547
12423 6712
14346 7387
15479 4920
8319 12875
11378 10902
10963 11908
9984 11023
8109 10205
16123 10476
15127 9213
10851 10434
10560 13203
10536 9250
13808 9112
13800 14499
6898 15828
7826 15199
7996 15516
12433 11013
13799 6257
11532 9506
9212 12597
12997 7856
11344 18404
6689 15115
15602 9865
16581 15869
7632 10704
10836 11582
13251 12764
10858 16153
10457 13481
9316 5680
8642 18883
15493 8461
11056 5815
5565 16865
7461 12773
16708 7745
5199 8801
13974 8814
15266 10970
11974 10494
14056 3375
12364 11516
13581 8197
8134 14045
6105 9925
6949 10073
12837 10903
14091 16166
17082 4495
8675 3332
15004 10544
16381 9885
15602 10670
8689 12639
17072 13207
11589 16883
8861 5746
5139 9746
11093 10208
12377 6836
7116 12103
16759 10652
16232 12458
16242 16749
10526 6814
14897 17159
10546 14909
8865 16022
11576 18513
12006 6609
3468 10250
6410 14458
9586 11327
10171 8786
11314 13617
14716 10558
12762 13955
17050 4904
9666 10360
13168 12413
11432 15591
4520 19468
9526 11315
8846 10901
13921 11622
11026 7724
9140 14866
14524 14658
13291 12600
9846 9515
9557 10629
10781 10140
8512 9731
14057 14049
10578 5831
18359 10030
11553 15674
4353 7154
10978 9364
6402 7946
14700 18744
19266 7775
4420 12896
13781 15081
12403 14440
12637 10859
18284 15427
6268 14652
10065 14763
12299 11246
10160 16055
3920 10229
15466 12604
6676 3107
5256 7992
3797 15309
16211 17505
7832 11637
17489 10876
13200 8085
15731 14845
7087 9470
8406 17665
15907 13173
9489 10766
6515 17327
11600 18422
7587 8614
11930 13472
9038 11177
14777 12240
15859 7711
17794 11548
9267 9766
18715 11337
7926 13376
11192 10748
10923 12743
5071 13564
10587 7019
15643 15059
12134 3253
6275 10764
18673 9797
10575 10134
11313 6043
10741 4597
7703 8032
9503 12265
6864 10255
12391 9955
9709 5926
13848 11771
9749 8140
10492 10828
7266 9015
14895 11427
14250 10467
12790 12831
2404 11390
8007 14445
11331 13726
14214 7644
17551 5641
11478 13129
16792 6932
11746 10221
15354 10667
10473 12861
16390 9945
9134 11906
13161 4236
8798 7011
12789 9945
12706 9323
10862 14393
12951 18148
7465 18322
8517 12231
8208 10450
6011 15633
16166 2231
14480 16904
16972 14121
10971 12991
4763 9393
8032 12144
8726 8373
11984 10554
12509 15750
14819 12454
8349 14533
11755 9370
16379 10713
7098 12314
7884 12415
5952 6307
15823 8372
12445 8563
14737 17084
12125 18262
7049 0
9224 0
9348 0
6707 0
10936 0
14882 0
3118 0
3258 0
5687 0
13842 0
9383 0
12378 0
7318 0
15300 0
12050 0
8456 0
3178 0
8914 0
14409 0
10156 0
2672 0
13051 0
4520 0
7397 0
14113 0
18876 0
12914 0
15066 0
3716 0
12937 0
9373 0
8295 0
18609 0
4268 0
11058 0
9277 0
7673 0
15270 0
10623 0
7356 0
5360 0
17711 0
11102 0
9739 0
17748 0
7888 0
10743 0
10856 0
16623 0
12043 0
10103 0
4351 0
17596 0
13981 0
13626 0
11137 0
9910 0
11856 0
8589 0
10375 0
13176 0
5062 0
11380 0
16537 0
11734 0
12826 0
14259 0
17548 0
13269 0
14089 0
17253 0
12273 0
11981 0
10896 0
6958 0
14713 0
15351 0
12633 0
10829 0
10598 0
7525 0
5661 0
3888 0
6106 0
9705 0
4163 0
9330 0
6039 0
10796 0
10076 0
8337 0
8697 0
6002 0
6385 0
19281 0
7562 0
18115 0
12548 0
14421 0
17615 0
6250 0
16381 0
14945 0
13035 0
11213 0
10757 0
11115 0
11077 0
13126 0
14249 0
13703 0
11805 0
6185 0
3829 0
9511 0
10163 0
10687 0
14667 0
16195 0
10771 0
5265 0
11907 0
9462 0
12195 0
4666 0
14171 0
17891 0
12044 0
5229 0
11749 0
12534 0
12353 0
11130 0
15554 0
10903 0
4069 0
11159 0
10096 0
11427 0
13715 0
10012 0
11469 0
13277 0
7632 0
7977 0
8789 0
7523 0
11096 0
6341 0
15077 0
9045 0
4789 0
9096 0
9257 0
4614 0
11212 0
14505 0
12241 0
10456 0
7520 0
12370 0
9255 0
8050 0
6662 0
13345 0
16523 0
10950 0
11849 0
11694 0
8675 0
10310 0
16335 0
16848 0
9872 0
16520 0
3752 0
16099 0
13275 0
17035 0
12564 0
17168 0
9271 0
14493 0
9973 0
13241 0
10078 0
9285 0
14686 0
8625 0
10620 0
5846 0
6413 0
9760 0
10240 0
14522 0
9179 0
6778 0
8528 0
4166 0
13611 0
18165 0
11391 0
5387 0
7346 0
5435 0
14294 0
10463 0
7699 0
12290 0
13429 0
6254 0
3675 0
16816 0
8359 0
8939 0
12204 0
9930 0
6064 0
9686 0
10307 0
9077 0
10730 0
12429 0
8775 0
4976 0
10663 0
16423 0
3929 0
7370 0
14377 0
11616 0
13239 0
11821 0
5853 0
13665 0
10892 0
9023 0
9460 0
11145 0
9784 0
8599 0
11992 0
4284 0
7855 0
13542 0
12532 0
10017 0
12107 0
9542 0
14061 0
16346 0
7333 0
5559 0
7787 0
13790 0
12104 0
8037 0
8933 0
9037 0
6463 0
7585 0
12838 0
6147 0
12832 0
11623 0
11465 0
14847 0
11635 0
5558 0
6208 0
10655 0
6582 0
7330 0
8533 0
11081 0
9876 0
9364 0
9520 0
18436 0
13542 0
9169 0
10775 0
11259 0
8585 0
13643 0
9933 0
13493 0
5757 0
9756 0
11348 0
10975 0
9927 0
15672 0
13421 0
6773 0
13439 0
4496 0
17084 0
11306 0
5933 0
15278 0
9247 0
8242 0
14608 0
13692 0
13187 0
14730 0
5359 0
10683 0
5865 0
10835 0
14372 0
10961 0
3239 0
16215 0
9240 0
10620 0
16791 0
12765 0
3660 0
9758 0
7910 0
7447 0
8147 0
14544 0
12893 0
12930 0
17278 0
14840 0
8748 0
14976 0
11659 0
8182 0
6249 0
12093 0
11031 0
11243 0
7469 0
10499 0
16365 0
7958 0
11063 0
9363 0
6979 0
8082 0
15015 0
15034 0
4936 0
12347 0
14005 0
14907 0
10190 0
3351 0
12227 0
16348 0
9522 0
9561 0
9634 0
12012 0
9783 0
7797 0
6003 0
14286 0
7239 0
11906 0
3783 0
18347 0
11086 0
12868 0
11997 0
3230 0
16689 0
7715 0
8162 0
6664 0
12488 0
8492 0
14371 0
10029 0
11891 0
14179 0
10966 0
7061 0
11878 0
8986 0
4398 0
11109 0
12470 0
15763 0
4225 0
9999 0
15704 0
16812 0
11272 0
11603 0
5044 0
9283 0
9040 0
9798 0
17398 0
13510 0
7008 0
12399 0
10543 0
11624 0
13591 0
5702 0
10339 0
3392 0
6573 0
6558 0
9159 0
14812 0
14809 0
13708 0
11282 0
10035 0
18262 0
18183 0
15487 0
9426 0
10654 0
9117 0
15312 0
8972 0
12610 0
11255 0
14389 0
9814 0
16463 0
10072 0
9809 0
13741 0
9293 0
18405 0
8206 0
6472 0
12889 0
9202 0
10538 0
9511 0
9370 0
7465 0
10562 0
3224 0
11109 0
19246 0
12941 0
11396 0
8589 0
15028 0
5792 0
16111 0
14519 0
14382 0
8669 0
4792 0
9797 0
15580 0
10125 0
11453 0
15836 0
17519 0
16326 0
9184 0
18659 0
6132 0
11509 0
16639 0
13327 0
13041 0
13311 0
10781 0
11931 0
4398 0
4997 0
8150 0
7141 0
5341 0
15178 0
9441 0
11479 0
12636 0
8561 0
13805 0
16112 0
6893 0
10406 0
8602 0
11724 0
15090 0
8662 0
4531 0
13141 0
15726 0
12199 0
7993 0
12376 0
8147 0
11659 0
7532 0
16059 0
13171 0
11416 0
9284 0
12770 0
4420 0
12751 0
11423 0
11054 0
17407 0
9218 0
15910 0
18002 0
9520 0
9175 0
17196 0
11213 0
11042 0
5379 0
12271 0
4960 0
8967 0
7447 0
14869 0
5186 0
7202 0
9514 0
14150 0
13688 0
7576 0
11851 0
12672 0
10300 0
14292 0
11443 0
13737 0
17461 0
5963 0
7675 0
8339 0
9156 0
18514 0
10967 0
16567 0
11714 0
11680 0
13197 0
4542 0
7391 0
14362 0
11848 0
6882 0
10699 0
10640 0
7384 0
14208 0
17673 0
11395 0
8499 0
16527 0
3937 0
14443 0
7691 0
10237 0
17490 0
14797 0
11323 0
4932 0
5026 0
12997 0
9512 0
11760 0
9716 0
7069 0
16275 0
7286 0
9198 0
13332 0
10996 0
6251 0
12905 0
9797 0
15963 0
8463 0
8509 0
13342 0
10528 0
13605 0
11215 0
10683 0
9886 0
11407 0
14255 0
14741 0
7590 0
15383 0
11616 0
9526 0
10796 0
5421 0
15518 0
7293 0
7707 0
10501 0
11697 0
14036 0
8645 0
18915 0
16358 0
10374 0
14885 0
14841 0
6149 0
16446 0
10310 0
11535 0
12953 0
10746 0
12958 0
4777 0
12325 0
8937 0
11835 0
5459 0
8996 0
19273 0
13430 0
7177 0
11646 0
9135 0
14546 0
13125 0
15231 0
17855 0
13507 0
12434 0
7590 0
11165 0
4609 0
12222 0
4302 0
15674 0
13353 0
6766 0
11367 0
8628 0
10670 0
5201 0
13664 0
17419 0
7387 0
12374 0
13419 0
10252 0
16898 0
14720 0
15789 0
8035 0
6597 0
6769 0
8111 0
6012 0
10202 0
18131 0
16206 0
11834 0
8871 0
19226 0
12462 0
15444 0
11543 0
6476 0
17724 0
3417 0
6365 0
7821 0
9569 0
13051 0
19141 0
17786 0
10891 0
17185 0
11594 0
15802 0
11733 0
9423 0
4943 0
13946 0
15549 0
13932 0
8008 0
13163 0
14287 0
15589 0
11859 0
8248 0
6981 0
15509 0
10258 0
11429 0
18907 0
10373 0
10386 0
7770 0
14814 0
9761 0
14336 0
16815 0
15655 0
15008 0
10149 0
9100 0
12140 0
9274 0
11058 0
10311 0
10214 0
13463 0
15802 0
8666 0
10231 0
6268 0
12371 0
3207 0
8680 0
12102 0
13005 0
13542 0
12006 0
10770 0
2907 0
12711 0
7185 0
10113 0
14541 0
5926 0
9653 0
13698 0
8473 0
10651 0
4720 0
12702 0
9184 0
9888 0
4286 0
12575 0
5937 0
18572 0
9135 0
5848 0
7272 0
11722 0
5632 0
5974 0
14312 0
14203 0
5468 0
8385 0
6555 0
13172 0
4821 0
8724 0
14025 0
7349 0
7655 0
12792 0
18698 0
6778 0
8686 0
17697 0
7272 0
13739 0
15979 0
9146 0
12840 0
17621 0
9232 0
9646 0
7428 0
11460 0
15597 0
9554 0
13203 0
3025 0
16565 0
6785 0
13649 0
12335 0
14501 0
10550 0
14842 0
11280 0
8404 0
15823 0
11901 0
9201 0
10772 0
9507 0
11441 0
9333 0
14633 0
11871 0
17533 0
5914 0
15143 0
9301 0
12455 0
8752 0
13753 0
10841 0
9308 0
17998 0
9295 0
6766 0
17132 0
16199 0
9986 0
7382 0
10662 0
7564 0
9645 0
12881 0
9038 0
15136 0
5251 0
14184 0
13901 0
19070 0
11627 0
16045 0
8627 0
8601 0
14690 0
16714 0
7889 0
8479 0
16690 0
5967 0
5306 0
12788 0
7948 0
13032 0
6550 0
4857 0
10883 0
13164 0
10358 0
7723 0
10691 0
16144 0
12205 0
13891 0
16553 0
5293 0
14807 0
4848 0
13690 0
7963 0
7940 0
11928 0
8637 0
7123 0
13154 0
17426 0
13715 0
12425 0
13897 0
13087 0
8036 0
9855 0
8551 0
8779 0
17293 0
11188 0
10421 0
4128 0
8203 0
14596 0
6753 0
11292 0
7981 0
16451 0
5072 0
4702 0
9266 0
18325 0
4950 0
12213 0
6231 0
6207 0
6291 0
17180 0
6508 0
10842 0
10977 0
14931 0
8350 0
11506 0
7926 0
15910 0
11978 0
6850 0
4408 0
5431 0
5819 0
10668 0
6402 0
10197 0
10630 0
17423 0
7289 0
4452 0
4819 0
8236 0
5589 0
9356 0
9244 0
3762 0
8255 0
11370 0
11494 0
13177 0
11040 0
8377 0
5033 0
14797 0
12533 0
6759 0
11378 0
12713 0
12373 0
8194 0
11638 0
9988 0
10960 0
9484 0
11694 0
13499 0
7243 0
15217 0
11043 0
12794 0
12653 0
6730 0
11443 0
10232 0
16109 0
3911 0
15631 0
8685 0
13247 0
14920 0
12977 0
13027 0
12671 0
13484 0
9521 0
6783 0
17254 0
12568 0
14386 0
10030 0
12961 0
5533 0
9010 0
5680 0
3816 0
5119 0
4697 0
6820 0
6574 0
6685 0
15516 0
11610 0
14139 0
13725 0
8779 0
4717 0
7605 0
7522 0
5233 0
11982 0
6529 0
8478 0
7569 0
6772 0
9930 0
10884 0
11833 0
16149 0
10658 0
14795 0
15340 0
11759 0
10552 0
17466 0
7959 0
6888 0
11903 0
11093 0
14961 0
6669 0
15722 0
8069 0
8373 0
13973 0
18007 0
12339 0
13055 0
7474 0
12914 0
8487 0
15778 0
9070 0
11559 0
9365 0
12270 0
3343 0
12760 0
11152 0
9719 0
16284 0
12312 0
8745 0
12046 0
11573 0
11427 0
16851 0
13225 0
9277 0
13730 0
3061 0
14651 0
12323 0
11600 0
17727 0
7428 0
13970 0
12307 0
8904 0
14190 0
14172 0
9001 0
17599 0
12724 0
13671 0
12532 0
3906 0
11071 0
10409 0
17160 0
7662 0
16951 0
4447 0
7872 0
13245 0
9729 0
9984 0
11455 0
12503 0
12913 0
5825 0
9760 0
17569 0
14687 0
13271 0
17053 0
13495 0
6195 0
12765 0
9860 0
11331 0
15493 0
12562 0
17001 0
9949 0
5384 0
15268 0
6911 0
13190 0
11927 0
3477 0
2043 0
8795 0
12130 0
15561 0
3989 0
4873 0
12312 0
4861 0
9087 0
12774 0
13150 0
10933 0
11129 0
11090 0
9155 0
13140 0
5643 0
13878 0
7408 0
14873 0
10206 0
12713 0
2404 0
15123 0
10505 0
11034 0
17976 0
14265 0
12622 0
16874 0
16300 0
7798 0
8158 0
12375 0
8739 0
9199 0
9102 0
10709 0
6799 0
14830 0
9457 0
9840 0
7988 0
13003 0
11404 0
13767 0
10813 0
10748 0
11870 0
3211 0
3765 0
11508 0
15280 0
9684 0
5552 0
16807 0
12946 0
8938 0
8375 0
14383 0
17174 0
6221 0
13229 0
10165 0
10753 0
8206 0
9828 0
8574 0
6298 0
8846 0
4190 0
14840 0
11993 0
15372 0
8908 0
14825 0
15410 0
9571 0
8541 0
13350 0
9057 0
8762 0
11235 0
5391 0
13467 0
6929 0
6945 0
5355 0
11593 0
14205 0
15301 0
17710 0
10659 0
14005 0
7641 0
9303 0
11089 0
6378 0
13725 0
9928 0
12043 0
10236 0
8670 0
5202 0
5482 0
2835 0
8536 0
12282 0
14129 0
17099 0
9881 0
5863 0
10493 0
6412 0
8167 0
12465 0
9184 0
10062 0
16223 0
11279 0
7519 0
6552 0
8862 0
8068 0
11959 0
10882 0
17891 0
9560 0
12955 0
3067 0
15478 0
9839 0
8422 0
14002 0
8916 0
8171 0
10397 0
7276 0
10991 0
9868 0
12042 0
9945 0
9367 0
6487 0
15836 0
5524 0
11707 0
15537 0
8901 0
14357 0
8038 0
9101 0
16892 0
16759 0
9301 0
16647 0
11574 0
16576 0
11540 0
12941 0
16138 0
9141 0
9597 0
9238 0
10592 0
15583 0
5327 0
16205 0
7265 0
14652 0
11100 0
10878 0
15416 0
8145 0
9758 0
10407 0
9676 0
8274 0
12840 0
9421 0
14362 0
12692 0
6226 0
13485 0
15661 0
11792 0
9274 0
6794 0
9859 0
17472 0
10813 0
13688 0
8546 0
10970 0
9353 0
17109 0
5095 0
17910 0
7523 0
11320 0
4937 0
10141 0
18054 0
9720 0
13403 0
5292 0
10873 0
12884 0
16906 0
5636 0
18096 0
11713 0
12037 0
10918 0
10573 0
16512 0
11384 0
7513 0
4369 0
13091 0
13819 0
15267 0
14409 0
16574 0
11557 0
9060 0
12062 0
13450 0
9144 0
10643 0
9135 0
6068 0
15063 0
9587 0
9013 0
6237 0
19080 0
14556 0
14935 0
9530 0
16792 0
3801 0
12283 0
10224 0
16829 0
11812 0
16149 0
9406 0
13624 0
9184 0
12551 0
16152 0
6382 0
10252 0
16480 0
13027 0
9049 0
14332 0
7465 0
9049 0
6665 0
11722 0
19285 0
14050 0
14337 0
11259 0
8289 0
12775 0
10430 0
19616 0
8747 0
16392 0
12078 0
15155 0
6014 0
11769 0
9921 0
15411 0
8949 0
4195 0
14652 0
13717 0
8754 0
16853 0
10592 0
10477 0
7819 0
10525 0
18377 0
17080 0
9674 0
9844 0
10834 0
11415 0
16302 0
11218 0
13766 0
13615 0
14097 0
7566 0
9516 0
11299 0
7534 0
4760 0
5642 0
10906 0
7098 0
6542 0
8815 0
2877 0
11828 0
10703 0
11234 0
5252 0
9589 0
12439 0
6892 0
13095 0
9777 0
12248 0
16717 0
11157 0
4125 0
7840 0
14123 0
12214 0
4843 0
8634 0
14983 0
8716 0
10123 0
13445 0
9080 0
9809 0
8749 0
15729 0
18591 0
14663 0
12232 0
16976 0
11618 0
8228 0
7913 0
11812 0
6488 0
5237 0
13689 0
14687 0
14145 0
5683 0
10532 0
16812 0
13270 0
9840 0
7240 0
10120 0
11320 0
9233 0
2594 0
3183 0
14427 0
14604 0
9696 0
4169 0
11808 0
15374 0
14882 0
11928 0
14544 0
13040 0
8661 0
14783 0
11827 0
12796 0
18053 0
11935 0
11510 0
14552 0
14151 0
9184 0
11008 0
9773 0
10858 0
15202 0
8891 0
16006 0
15667 0
6610 0
11835 0
11894 0
10078 0
4847 0
12067 0
10797 0
13587 0
17082 0
7047 0
14093 0
14166 0
11958 0
9343 0
7010 0
3001 0
6324 0
9909 0
16493 0
7857 0
14661 0
8831 0
10548 0
16102 0
12051 0
10853 0
16890 0
8554 0
12526 0
7644 0
17647 0
16761 0
7121 0
12236 0
10298 0
12326 0
7850 0
15279 0
6632 0
4216 0
9890 0
12090 0
15836 0
6219 0
17104 0
7215 0
13694 0
7973 0
10665 0
10453 0
11769 0
2797 0
16216 0
14140 0
13217 0
8665 0
9777 0
17370 0
13213 0
7056 0
16654 0
6751 0
15910 0
3119 0
9729 0
10179 0
7932 0
6007 0
9819 0
15537 0
10871 0
10165 0
13924 0
9581 0
11069 0
9187 0
15064 0
11519 0
11306 0
10979 0
10063 0
13873 0
14326 0
8081 0
14117 0
8778 0
8452 0
8532 0
10826 0
6463 0
13013 0
9398 0
8803 0
17189 0
11344 0
9685 0
10278 0
8238 0
3353 0
7408 0
9359 0
4854 0
15405 0
15927 0
12231 0
15395 0
3500 0
15222 0
11464 0
16607 0
10935 0
7004 0
18173 0
16515 0
9830 0
14262 0
15168 0
7714 0
11643 0
16179 0
17415 0
9094 0
9227 0
14921 0
11099 0
9548 0
13057 0
5746 0
2148 0
9901 0
11112 0
17784 0
15870 0
8311 0
8891 0
15931 0
10928 0
9770 0
13265 0
9888 0
10342 0
6426 0
11196 0
9296 0
14979 0
6071 0
12555 0
12545 0
16496 0
13241 0
9077 0
8319 0
10621 0
16511 0
13437 0
13134 0
8712 0
14919 0
16219 0
10526 0
11438 0
7744 0
14507 0
15013 0
14166 0
10936 0
9088 0
6550 0
3878 0
16469 0
9278 0
14291 0
11422 0
13347 0
11038 0
7714 0
17968 0
9321 0
4849 0
2932 0
13618 0
14696 0
16690 0
18133 0
9378 0
11456 0
4326 0
3509 0
6515 0
8509 0
12612 0
11718 0
10435 0
9618 0
12742 0
9478 0
6398 0
4798 0
14301 0
13111 0
10270 0
8130 0
10273 0
13271 0
11145 0
13221 0
9596 0
12508 0
14835 0
12046 0
14901 0
12547 0
13288 0
9561 0
12962 0
8613 0
8510 0
8535 0
8087 0
5746 0
13126 0
8603 0
11718 0
7154 0
11883 0
3666 0
17529 0
13252 0
11433 0
13911 0
10310 0
11281 0
13419 0
8476 0
4196 0
16172 0
12708 0
16295 0
10080 0
4483 0
16462 0
7490 0
12280 0
17209 0
14545 0
14267 0
9344 0
11792 0
6734 0
8353 0
9227 0
13705 0
13902 0
4798 0
18723 0
10064 0
7828 0
9038 0
7064 0
12822 0
15273 0
14510 0
17258 0
11976 0
15078 0
5223 0
13362 0
15032 0
9034 0
11138 0
12513 0
12968 0
15348 0
11895 0
5165 0
9141 0
4942 0
16946 0
10738 0
9792 0
16032 0
17561 0
10372 0
7845 0
13053 0
4572 0
6156 0
9554 0
11953 0
11919 0
12418 0
11334 0
15521 0
8667 0
12339 0
13571 0
11577 0
13094 0
9714 0
13729 0
12034 0
4182 0
11217 0
11944 0
7485 0
7379 0
13207 0
10687 0
10589 0
7532 0
6675 0
11525 0
8250 0
8074 0
12661 0
16531 0
14109 0
11200 0
16347 0
11966 0
13955 0
9562 0
14131 0
10289 0
9823 0
8406 0
4056 0
14318 0
9946 0
17301 0
12882 0
2899 0
11623 0
6775 0
5978 0
18376 0
8179 0
4408 0
17328 0
6252 0
13711 0
10175 0
10239 0
12402 0
8957 0
12110 0
9416 0
4137 0
5723 0
10005 0
10367 0
9819 0
12176 0
13396 0
14903 0
11069 0
6929 0
13300 0
14714 0
8696 0
12750 0
7354 0
7142 0
19454 0
11203 0
11788 0
9756 0
17603 0
15304 0
4775 0
9364 0
10954 0
15257 0
15872 0
16149 0
9356 0
14087 0
8440 0
7591 0
10117 0
14918 0
14730 0
9224 0
18077 0
8959 0
11057 0
13110 0
13912 0
9291 0
4541 0
10931 0
17259 0
12887 0
15612 0
9389 0
7156 0
10375 0
6177 0
10195 0
11978 0
10294 0
5075 0
6659 0
14790 0
12887 0
6098 0
12205 0
9578 0
8611 0
3426 0
5092 0
10856 0
16316 0
10314 0
10637 0
16132 0
14749 0
16430 0
19162 0
6260 0
6347 0
15438 0
6703 0
7785 0
12933 0
9655 0
14361 0
11089 0
8097 0
6983 0
3908 0
8112 0
14856 0
10067 0
13325 0
15575 0
7673 0
14763 0
8702 0
11055 0
13768 0
8870 0
14888 0
9307 0
14091 0
7731 0
5640 0
12371 0
15065 0
14732 0
8128 0
11694 0
11955 0
14389 0
16094 0
7829 0
11269 0
14469 0
8383 0
11818 0
12956 0
10462 0
3998 0
16462 0
14175 0
2946 0
5607 0
12649 0
9176 0
10094 0
11983 0
10864 0
8663 0
14941 0
18059 0
11283 0
8709 0
16361 0
16796 0
8614 0
9503 0
14509 0
4070 0
6416 0
3839 0
13360 0
11079 0
8579 0
16987 0
11333 0
9726 0
7406 0
12418 0
12860 0
8957 0
9636 0
9508 0
8414 0
10331 0
13125 0
6591 0
6297 0
14395 0
7354 0
7345 0
19187 0
4034 0
10196 0
4815 0
16344 0
11130 0
6472 0
16837 0
12282 0
14749 0
6778 0
6492 0
6128 0
10387 0
14117 0
8993 0
13349 0
9670 0
14674 0
11329 0
14403 0
18782 0
12863 0
6775 0
10503 0
7136 0
15933 0
16280 0
11946 0
12739 0
15296 0
8653 0
9372 0
13976 0
15315 0
18045 0
6566 0
15202 0
7000 0
5485 0
7132 0
17914 0
5733 0
6855 0
9049 0
11539 0
11091 0
9356 0
6492 0
16072 0
13770 0
11468 0
13013 0
2923 0
11201 0
16814 0
8176 0
7317 0
8476 0
12381 0
12814 0
5567 0
4155 0
5279 0
18088 0
15745 0
6086 0
4526 0
11287 0
16024 0
9786 0
10306 0
3042 0
3690 0
10468 0
18258 0
10861 0
15683 0
6865 0
12112 0
13723 0
12731 0
11198 0
10271 0
14694 0
13095 0
9612 0
5311 0
13390 0
8842 0
11215 0
11599 0
14795 0
6280 0
18045 0
10148 0
6399 0
11794 0
12817 0
12533 0
6241 0
10360 0
9661 0
12169 0
14481 0
6322 0
2436 0
17402 0
18837 0
6653 0
7793 0
10087 0
17049 0
11840 0
15406 0
13759 0
5422 0
16379 0
8850 0
4661 0
10695 0
6300 0
8272 0
17803 0
9738 0
14396 0
14192 0
17429 0
7407 0
10051 0
14043 0
11757 0
9288 0
8091 0
10163 0
10939 0
13653 0
12346 0
11162 0
10263 0
13866 0
9234 0
16905 0
7505 0
11075 0
16207 0
13134 0
13709 0
12023 0
5442 0
11152 0
10974 0
9982 0
15523 0
10340 0
12195 0
15670 0
10446 0
8060 0
10023 0
9769 0
16145 0
12100 0
12958 0
9349 0
14247 0
16957 0
19231 0
9513 0
17303 0
14596 0
14389 0
11395 0
16874 0
12517 0
2934 0
10658 0
8090 0
8946 0
4506 0
15557 0
16168 0
13450 0
17600 0
9152 0
13447 0
10947 0
10323 0
6667 0
10266 0
17117 0
18080 0
17499 0
11246 0
8078 0
9695 0
10852 0
10290 0
11639 0
15061 0
9064 0
7286 0
10865 0
11933 0
13837 0
4320 0
9186 0
7233 0
5959 0
10960 0
18260 0
13303 0
