1087
1284
420
2506
539
1451
3232
141
1549
3161
288
26
388
2886
1303
398
2049
429
1518
1236
2352
287
2376
851
2646
784
2940
2657
2415
2856
2323
1889
415
2930
1658
1751
3107
2130
132
342
1274
248
2852
2556
943
1005
1510
1056
909
3211
1145
563
2505
2086
2277
656
2192
696
736
2070
2703
3134
1348
1997
467
1550
1282
2689
2623
653
1770
1441
1651
379
1468
1587
2768
2431
1434
238
883
3029
123
1369
1599
2990
2799
1020
1837
2679
3216
1620
2293
1071
1095
1272
2627
2179
2757
2767
31
2520
887
3272
2781
803
759
2452
2482
13
3233
2829
938
1063
1068
699
1877
2578
3259
1557
3149
1339
2926
2018
1297
888
2631
1150
73
1453
148
11
1461
3074
1107
1205
2424
923
2815
650
69
3071
3063
1947
2681
228
401
1904
2696
198
3100
730
2235
2310
319
2022
708
2137
1891
57
2519
3036
1764
1542
1449
2283
2531
912
167
1841
2000
1777
207
2876
2867
1919
3058
3116
1249
202
1318
9
2535
2394
2590
2140
3089
1511
1142
679
1122
1945
1046
839
1127
2013
2008
1334
2082
1088
1706
2557
1345
590
990
2633
1260
850
5
1963
1656
1039
2988
1305
2810
1322
1324
2955
1343
2945
1778
2302
1291
2523
582
3241
107
3159
374
1769
508
1380
1739
1852
1704
439
2181
3073
3182
2618
3030
1566
437
2560
927
2537
356
33
3218
852
2355
2102
2116
1242
2754
1395
1133
3164
2402
2727
386
2838
2580
203
830
2058
961
2002
1409
1561
2317
19
360
2385
2449
1295
2973
1008
1227
1924
16
588
804
3148
2079
713
2534
865
1070
1471
1824
600
2334
280
2564
1007
1980
2683
3243
1455
2554
3101
1036
3172
474
1509
2920
2634
2498
2047
846
1018
660
2359
1296
2011
361
1737
658
2238
1237
274
3262
2112
2617
1774
2914
2888
1433
1857
1413
2764
882
2068
1713
1714
334
1184
2314
2229
1238
1669
2611
1985
2201
629
138
1563
2568
2222
1866
1724
877
637
271
1631
1130
1608
2846
546
1977
3137
1882
682
1595
891
1663
3280
3011
282
399
1134
2947
526
1955
3076
1401
21
2180
1576
2072
2454
2156
1117
2849
2813
1199
2254
3059
196
1671
2707
1436
528
2518
1112
2936
580
1900
872
1357
2247
2187
871
1442
2017
2558
778
2619
1869
172
337
1834
306
567
1473
1873
2213
1822
1806
2899
1689
265
572
2377
557
1784
2821
208
553
638
1346
1952
2600
2478
1121
1091
1050
1698
2308
1022
2500
3112
2281
1832
1014
2357
1855
2364
1336
272
2360
764
1785
2588
1172
2464
1598
2182
2894
2892
2336
2381
461
737
2994
917
2488
2796
2716
1956
1424
2807
3198
2744
2713
223
1845
489
1759
2946
3169
385
3256
1220
1431
1033
2211
1460
692
1827
3276
2103
1990
63
3109
2118
2561
1748
290
