0 1 1423
0 2 2065
0 3 1162
0 4 9722
0 6 7959
0 7 8228
0 8 1990
0 9 1669
0 15 3649
0 16 1111
0 17 7056
0 18 6952
0 19 9289
0 20 3888
0 21 2358
0 22 2280
0 42 8110
0 43 3063
0 44 4884
0 45 5866
0 46 9735
0 47 8679
0 48 8768
0 49 5476
0 50 9440
0 51 5879
0 52 5940
0 53 1675
0 54 4539
0 55 8892
0 56 9629
0 57 7784
0 123 2147
0 124 3076
0 125 3399
0 126 2318
0 127 8280
0 128 9380
0 129 2213
0 130 6939
0 131 8980
0 132 7898
0 133 8780
0 134 2978
0 135 3566
0 136 9888
0 137 8507
0 138 8203
0 139 6136
0 140 7653
0 141 9496
0 142 5244
0 143 6198
0 144 5512
0 145 7237
0 146 6420
0 147 2134
0 148 3999
0 149 5571
0 150 3601
0 151 2880
0 152 4293
0 153 3416
0 154 6768
0 366 6842
0 367 8509
0 368 6459
0 369 4242
0 370 3147
0 371 4790
0 372 2959
0 373 1837
0 374 9955
0 375 1996
0 376 5550
0 377 4867
0 378 3830
0 379 3914
0 380 2820
0 381 8176
0 382 9129
0 383 7609
0 384 7042
0 385 9258
0 386 8598
0 387 8132
0 388 1843
0 389 6177
0 390 8454
0 391 3292
0 392 6060
0 393 7286
0 394 4866
0 395 4903
0 396 1642
0 397 5690
0 398 7056
0 399 7271
0 400 6568
0 401 9378
0 402 4032
0 403 6230
0 404 2294
0 405 1474
0 406 9600
0 407 7651
0 408 8476
0 409 2226
0 410 3373
0 411 2750
0 412 9760
0 413 1341
0 414 4160
0 415 2369
0 416 5111
0 417 2569
0 418 7938
0 419 6130
0 420 2518
0 421 8171
0 422 3997
0 423 3106
0 424 5925
0 425 1101
0 426 3499
0 427 5573
0 428 5098
0 429 4848
0 1095 3599
0 1096 8086
0 1097 8206
0 1098 4908
0 1099 4004
0 1100 7267
0 1101 1015
0 1102 1442
0 1103 2386
0 1104 9322
0 1105 3172
0 1106 4053
0 1107 2611
0 1108 6245
0 1109 4426
0 1110 7427
0 1111 1984
0 1112 6331
0 1113 5947
0 1114 3660
0 1115 1190
0 1116 5710
0 1117 2901
0 1118 2810
0 1119 6848
0 1120 8953
0 1121 5366
0 1122 5230
0 1123 1595
0 1124 8914
0 1125 2848
0 1126 4071
0 1127 9793
0 1128 1471
0 1129 3367
0 1130 3502
0 1131 2112
0 1132 8993
0 1133 6389
0 1134 1203
0 1135 2905
0 1136 9211
0 1137 3360
0 1138 1769
0 1139 8127
0 1140 6380
0 1141 5759
0 1142 3515
0 1143 7133
0 1144 5622
0 1145 2500
0 1146 1613
0 1147 8623
0 1148 5416
0 1149 7963
0 1150 8856
0 1151 7832
0 1152 6850
0 1153 1630
0 1154 1367
0 1155 7768
0 1156 1853
0 1157 7439
0 1158 7846
0 1159 6135
0 1160 9911
0 1161 7256
0 1162 9991
0 1163 5002
0 1164 5701
0 1165 9331
0 1166 2622
0 1167 3902
0 1168 4981
0 1169 3739
0 1170 7211
0 1171 6252
0 1172 7800
0 1173 4175
0 1174 9456
0 1175 1116
0 1176 2629
0 1177 1687
0 1178 1943
0 1179 5029
0 1180 2982
0 1181 2987
0 1182 3239
0 1183 1879
0 1184 5444
0 1185 5944
0 1186 1280
0 1187 1562
0 1188 2981
0 1189 9600
0 1190 6145
0 1191 8320
0 1192 4213
0 1193 6231
0 1194 8726
0 1195 1174
0 1196 7264
0 1197 8468
0 1198 8381
0 1199 9315
0 1200 2679
0 1201 6149
0 1202 5345
0 1203 9808
0 1204 5199
0 1205 5915
0 1206 8871
0 1207 1175
0 1208 2353
0 1209 4336
0 1210 9102
0 1211 8629
0 1212 7078
0 1213 7112
0 1214 7200
0 1215 3529
0 1216 5933
0 1217 6481
0 1218 9318
0 1219 2377
0 1220 6047
0 1221 8329
0 1222 4675
1 2 8389
1 3 9333
1 5 7107
1 6 6403
1 10 7851
1 11 6224
1 12 6199
1 15 6444
1 23 2875
1 24 4572
1 25 1457
1 26 9990
1 27 2247
1 28 1767
1 29 7126
1 42 6712
1 58 3286
1 59 6234
1 60 3836
1 61 1792
1 62 1616
1 63 9509
1 64 7742
1 65 7221
1 66 2718
1 67 3721
1 68 9083
1 69 6561
1 70 5741
1 71 3340
1 72 7242
1 123 5975
1 155 5787
1 156 9408
1 157 3693
1 158 7933
1 159 8755
1 160 7155
1 161 9250
1 162 1716
1 163 4189
1 164 2165
1 165 2771
1 166 9494
1 167 4782
1 168 6903
1 169 4284
1 170 8582
1 171 6402
1 172 9538
1 173 7043
1 174 7192
1 175 9947
1 176 6746
1 177 7344
1 178 3533
1 179 8517
1 180 7185
1 181 2256
1 182 2190
1 183 5228
1 184 1239
1 185 1757
1 366 5049
1 430 2674
1 431 9553
1 432 3327
1 433 2527
1 434 9187
1 435 1577
1 436 6344
1 437 3738
1 438 1288
1 439 5664
1 440 2368
1 441 4235
1 442 9108
1 443 5408
1 444 9545
1 445 8374
1 446 7426
1 447 9288
1 448 8345
1 449 7968
1 450 5158
1 451 4425
1 452 4803
1 453 3013
1 454 2843
1 455 3560
1 456 4861
1 457 9991
1 458 4526
1 459 6004
1 460 1284
1 461 4303
1 462 4706
1 463 4783
1 464 3838
1 465 1101
1 466 4957
1 467 7241
1 468 5739
1 469 7777
1 470 2873
1 471 2712
1 472 2705
1 473 5754
1 474 8224
1 475 6144
1 476 5989
1 477 8204
1 478 6527
1 479 3842
1 480 3113
1 481 6511
1 482 1427
1 483 2872
1 484 4224
1 485 6507
1 486 9557
1 487 1767
1 488 8475
1 489 1769
1 490 6450
1 491 3063
1 492 5400
1 1095 3450
1 1223 4206
1 1224 7392
1 1225 4966
1 1226 9529
1 1227 1657
1 1228 8749
1 1229 4007
1 1230 2485
1 1231 2046
1 1232 5275
1 1233 2107
1 1234 3900
1 1235 6120
1 1236 7659
1 1237 7966
1 1238 1540
1 1239 2159
1 1240 7061
1 1241 3733
1 1242 4655
1 1243 3045
1 1244 5433
1 1245 5757
1 1246 1975
1 1247 3057
1 1248 2200
1 1249 1064
1 1250 9121
1 1251 6670
1 1252 9539
1 1253 7361
1 1254 2438
1 1255 3455
1 1256 4883
1 1257 1150
1 1258 1514
1 1259 9563
1 1260 9307
1 1261 5189
1 1262 5479
1 1263 6194
1 1264 1423
1 1265 2959
1 1266 8672
1 1267 7805
1 1268 4942
1 1269 6799
1 1270 2360
1 1271 7395
1 1272 7284
1 1273 8430
1 1274 7371
1 1275 9464
1 1276 3165
1 1277 7203
1 1278 3713
1 1279 9863
1 1280 8731
1 1281 2937
1 1282 6124
1 1283 5499
1 1284 4630
1 1285 2061
1 1286 2255
1 1287 8686
1 1288 4943
1 1289 7811
1 1290 7095
1 1291 4335
1 1292 6748
1 1293 2202
1 1294 6880
1 1295 9547
1 1296 9282
1 1297 1022
1 1298 1652
1 1299 3999
1 1300 6911
1 1301 8713
1 1302 2346
1 1303 3641
1 1304 7624
1 1305 4635
1 1306 2624
1 1307 9912
1 1308 7004
1 1309 2245
1 1310 9626
1 1311 6110
1 1312 3524
1 1313 4629
1 1314 9009
1 1315 1412
1 1316 2632
1 1317 3064
1 1318 2176
1 1319 1030
1 1320 4569
1 1321 8235
1 1322 1602
1 1323 5069
1 1324 9508
1 1325 5841
1 1326 6846
1 1327 9918
1 1328 3823
1 1329 5977
1 1330 1343
1 1331 5317
1 1332 3865
1 1333 5784
1 1334 6464
1 1335 3395
1 1336 4668
1 1337 1739
1 1338 1572
1 1339 3594
1 1340 8875
1 1341 1386
1 1342 4405
1 1343 6405
1 1344 7146
1 1345 6832
1 1346 1069
1 1347 3167
1 1348 6342
1 1349 5409
2 4 1334
2 5 5509
2 7 6044
2 10 8732
2 13 4381
2 14 9265
2 16 1325
2 23 1711
2 30 3415
2 31 4154
2 32 5475
2 33 4841
2 34 9720
2 35 2820
2 43 1098
2 58 7744
2 73 7532
2 74 7304
2 75 9667
2 76 4292
2 77 8648
2 78 1231
2 79 8544
2 80 9362
2 81 7015
2 82 8801
2 83 2125
2 84 1098
2 85 4467
2 86 7318
2 124 4161
2 155 3289
2 186 9167
2 187 6371
2 188 1278
2 189 1703
2 190 5347
2 191 4315
2 192 5545
2 193 5546
2 194 3993
2 195 7223
2 196 7692
2 197 5749
2 198 1879
2 199 3311
2 200 1804
2 201 2661
2 202 2582
2 203 9095
2 204 8195
2 205 4704
2 206 9345
2 207 6132
2 208 6632
2 209 1800
2 210 2643
2 211 9819
2 212 2292
2 213 2449
2 214 4735
2 215 6122
2 367 2559
2 430 8958
2 493 3329
2 494 5339
2 495 9262
2 496 5956
2 497 6839
2 498 8611
2 499 9346
2 500 8101
2 501 1752
2 502 2429
2 503 3360
2 504 1934
2 505 8264
2 506 2966
2 507 5813
2 508 2008
2 509 3127
2 510 7846
2 511 4973
2 512 1031
2 513 9982
2 514 6997
2 515 4551
2 516 1746
2 517 3248
2 518 5966
2 519 6778
2 520 7588
2 521 6271
2 522 3333
2 523 7723
2 524 6128
2 525 7197
2 526 2982
2 527 2408
2 528 4706
2 529 2680
2 530 4310
2 531 6919
2 532 2719
2 533 8382
2 534 9071
2 535 6865
2 536 6819
2 537 7226
2 538 2006
2 539 2105
2 540 1649
2 541 8498
2 542 9707
2 543 2004
2 544 1865
2 545 8715
2 546 7741
2 547 9827
2 548 5590
2 549 2351
2 550 2900
2 551 6441
2 552 2649
2 553 3467
2 554 7053
2 1096 1138
2 1223 1023
2 1350 7286
2 1351 5123
2 1352 5845
2 1353 5540
2 1354 1176
2 1355 3031
2 1356 3121
2 1357 4230
2 1358 5360
2 1359 9942
2 1360 2561
2 1361 8604
2 1362 4949
2 1363 1754
2 1364 1462
2 1365 8738
2 1366 4788
2 1367 4362
2 1368 1944
2 1369 2519
2 1370 4416
2 1371 6652
2 1372 1099
2 1373 8810
2 1374 6959
2 1375 5330
2 1376 7459
2 1377 7116
2 1378 5253
2 1379 6386
2 1380 6731
2 1381 7472
2 1382 2698
2 1383 5783
2 1384 2486
2 1385 3166
2 1386 5120
2 1387 7170
2 1388 4340
2 1389 1590
2 1390 3715
2 1391 1336
2 1392 7178
2 1393 4782
2 1394 2277
2 1395 5484
2 1396 3048
2 1397 5350
2 1398 9046
2 1399 7273
2 1400 7309
2 1401 7745
2 1402 1465
2 1403 5391
2 1404 4043
2 1405 8338
2 1406 6710
2 1407 9100
2 1408 2098
2 1409 9461
2 1410 6347
2 1411 6656
2 1412 9976
2 1413 9881
2 1414 1716
2 1415 4584
2 1416 1340
2 1417 1480
2 1418 5497
2 1419 4700
2 1420 6893
2 1421 5806
2 1422 9722
2 1423 7191
2 1424 6818
2 1425 9210
2 1426 9319
2 1427 6003
2 1428 3425
2 1429 6135
2 1430 5796
2 1431 8165
2 1432 3242
2 1433 7676
2 1434 6582
2 1435 4074
2 1436 1712
2 1437 5764
2 1438 2367
2 1439 3346
2 1440 6307
2 1441 5839
2 1442 1203
2 1443 5273
2 1444 8432
2 1445 5202
2 1446 8432
2 1447 2105
2 1448 5528
2 1449 9100
2 1450 2041
2 1451 2347
2 1452 5174
2 1453 8499
2 1454 3283
2 1455 6577
2 1456 2019
2 1457 9371
2 1458 2537
2 1459 4222
2 1460 2614
2 1461 9404
2 1462 3845
2 1463 9028
2 1464 4313
2 1465 1083
2 1466 7536
2 1467 3089
2 1468 4033
2 1469 5349
2 1470 7544
2 1471 2094
2 1472 7395
2 1473 6808
2 1474 3195
2 1475 6494
3 8 6668
3 11 5474
3 17 4069
3 24 7145
3 36 5285
3 37 9742
3 44 4848
3 59 7902
3 87 7039
3 88 9992
3 89 6640
3 90 1673
3 91 1386
3 92 7319
3 125 4611
3 156 4586
3 216 2912
3 217 2033
3 218 1664
3 219 6751
3 220 2960
3 221 8398
3 222 7000
3 223 3810
3 224 3269
3 225 4894
3 226 8219
3 227 8207
3 228 7222
3 229 2331
3 368 3921
3 431 9640
3 555 4416
3 556 1238
3 557 2127
3 558 5500
3 559 5338
3 560 5553
3 561 8544
3 562 9833
3 563 5007
3 564 9187
3 565 9279
3 566 4727
3 567 1755
3 568 4809
3 569 9913
3 570 8512
3 571 2012
3 572 6520
3 573 6132
3 574 7020
3 575 3309
3 576 4442
3 577 9899
3 578 2416
3 579 9033
3 580 7769
3 581 8910
3 582 7020
3 583 8060
3 584 5147
3 1097 1142
3 1224 4357
3 1476 9519
3 1477 3555
3 1478 4569
3 1479 2105
3 1480 2971
3 1481 9679
3 1482 5286
3 1483 8074
3 1484 2818
3 1485 6072
3 1486 6934
3 1487 9588
3 1488 7265
3 1489 8422
3 1490 1442
3 1491 1588
3 1492 3833
3 1493 2915
3 1494 9544
3 1495 6088
3 1496 1000
3 1497 6002
3 1498 5663
3 1499 1760
3 1500 3898
3 1501 1903
3 1502 1796
3 1503 1027
3 1504 5464
3 1505 3358
3 1506 5906
3 1507 9016
3 1508 7006
3 1509 9796
3 1510 6984
3 1511 5074
3 1512 8761
3 1513 9230
3 1514 8735
3 1515 4901
3 1516 8833
3 1517 7542
3 1518 7646
3 1519 6759
3 1520 2707
3 1521 4607
3 1522 7353
3 1523 3173
3 1524 8856
3 1525 8693
3 1526 8739
3 1527 7870
3 1528 5068
3 1529 8656
3 1530 3304
3 1531 4094
3 1532 9552
3 1533 6618
3 1534 4677
3 1535 5939
3 1536 1634
3 1537 2648
4 9 3153
4 13 2489
4 18 6920
4 30 5864
4 38 3554
4 39 4811
4 45 5341
4 73 6913
4 93 9395
4 94 5164
4 95 6464
4 96 6445
4 97 9479
4 98 1630
4 126 5457
4 186 8113
4 230 7813
4 231 3244
4 232 9564
4 233 3933
4 234 4780
4 235 8607
4 236 2379
4 237 7501
4 238 2784
4 239 1548
4 240 2188
4 241 7936
4 242 7294
4 243 3201
4 369 2127
4 493 9855
4 585 6573
4 586 5236
4 587 1809
4 588 3532
4 589 2417
4 590 3063
4 591 3243
4 592 6356
4 593 8323
4 594 3749
4 595 6086
4 596 6601
4 597 1031
4 598 4134
4 599 7774
4 600 7594
4 601 4780
4 602 5269
4 603 2761
4 604 5498
4 605 6708
4 606 2850
4 607 6257
4 608 4167
4 609 8364
4 610 3996
4 611 3125
4 612 1148
4 613 3341
4 614 8987
4 1098 1799
4 1350 4818
4 1538 8666
4 1539 1919
4 1540 1474
4 1541 9902
4 1542 8395
4 1543 2256
4 1544 6507
4 1545 6367
4 1546 1855
4 1547 7687
4 1548 6905
4 1549 7626
4 1550 5126
4 1551 1874
4 1552 3673
4 1553 7440
4 1554 6670
4 1555 2166
4 1556 6276
4 1557 9588
4 1558 9339
4 1559 5528
4 1560 9233
4 1561 3848
4 1562 9518
4 1563 8720
4 1564 5963
4 1565 4673
4 1566 3626
4 1567 5325
4 1568 9550
4 1569 1726
4 1570 3805
4 1571 1749
4 1572 2832
4 1573 3056
4 1574 5786
4 1575 7100
4 1576 7439
4 1577 6499
4 1578 4578
4 1579 9154
4 1580 6662
4 1581 4987
4 1582 1839
4 1583 4226
4 1584 9187
4 1585 6294
4 1586 2847
4 1587 2472
4 1588 6714
4 1589 7491
4 1590 4181
4 1591 2247
4 1592 3976
4 1593 5183
4 1594 4168
4 1595 1610
4 1596 8277
4 1597 4001
4 1598 6299
4 1599 3317
5 12 4736
5 14 5564
5 25 1967
5 31 7532
5 40 4362
5 41 1003
5 60 1368
5 74 7008
5 99 2806
5 100 1059
5 101 8806
5 102 7171
5 103 5331
5 104 7622
5 157 8985
5 187 5047
5 244 1447
5 245 6339
5 246 9271
5 247 4055
5 248 7597
5 249 4594
5 250 3071
5 251 9221
5 252 5833
5 253 9962
5 254 2151
5 255 1185
5 256 1306
5 257 5725
5 432 6815
5 494 4220
5 615 2367
5 616 5282
5 617 8782
5 618 2599
5 619 3188
5 620 3709
5 621 4943
5 622 5910
5 623 6766
5 624 3248
5 625 6999
5 626 3513
5 627 5978
5 628 3926
5 629 1678
5 630 6279
5 631 5398
5 632 4295
5 633 4657
5 634 1784
5 635 5043
5 636 9700
5 637 4581
5 638 8824
5 639 7201
5 640 6922
5 641 3635
5 642 6206
5 643 9980
5 644 2306
5 1225 7568
5 1351 2914
5 1600 4692
5 1601 1068
5 1602 3299
5 1603 5181
5 1604 5783
5 1605 9311
5 1606 8204
5 1607 9321
5 1608 8482
5 1609 8440
5 1610 8006
5 1611 8595
5 1612 9335
5 1613 2411
5 1614 4333
5 1615 4670
5 1616 3207
5 1617 6347
5 1618 1335
5 1619 8973
5 1620 3651
5 1621 5795
5 1622 5105
5 1623 6467
5 1624 8103
5 1625 5159
5 1626 3885
5 1627 3558
5 1628 7909
5 1629 9891
5 1630 2562
5 1631 8415
5 1632 8870
5 1633 1293
5 1634 6017
5 1635 6057
5 1636 4347
5 1637 9041
5 1638 2479
5 1639 9227
5 1640 6952
5 1641 3172
5 1642 3399
5 1643 1866
5 1644 5996
5 1645 5358
5 1646 8044
5 1647 5782
5 1648 9446
5 1649 2408
5 1650 5727
5 1651 7816
5 1652 7684
5 1653 6294
5 1654 6384
5 1655 6768
5 1656 1148
5 1657 5740
5 1658 2868
5 1659 5798
5 1660 9410
5 1661 7223
6 19 9179
6 26 7829
6 46 4718
6 61 7372
6 105 5813
6 106 7727
6 127 2121
6 158 4747
6 258 5728
6 259 6786
6 260 6471
6 261 3376
6 262 5935
6 263 6431
6 370 1928
6 433 6113
6 645 6208
6 646 2804
6 647 1735
6 648 1696
6 649 7214
6 650 4203
6 651 2475
6 652 1104
6 653 3613
6 654 5696
6 655 9045
6 656 4005
6 657 3148
6 658 6397
6 1099 6932
6 1226 2824
6 1662 9376
6 1663 2867
6 1664 1868
6 1665 9059
6 1666 6437
6 1667 8685
6 1668 4301
6 1669 1481
6 1670 8709
6 1671 2615
6 1672 4290
6 1673 4044
6 1674 2437
6 1675 1144
6 1676 3923
6 1677 8235
6 1678 8059
6 1679 4602
6 1680 1067
6 1681 3591
6 1682 8669
6 1683 9151
6 1684 4956
6 1685 5830
6 1686 5822
6 1687 4617
6 1688 6825
6 1689 7203
6 1690 2590
6 1691 5680
7 20 8129
7 32 7299
7 47 7980
7 75 1524
7 107 9943
7 108 1608
7 128 4249
7 188 1043
7 264 6321
7 265 2188
7 266 5684
7 267 3810
7 268 1554
7 269 2727
7 371 2145
7 495 9253
7 659 3424
7 660 5450
7 661 3038
7 662 4770
7 663 5554
7 664 1222
7 665 1729
7 666 8227
7 667 1450
7 668 9128
7 669 9832
7 670 3310
7 671 6081
7 672 3812
7 1100 7615
7 1352 3088
7 1692 8559
7 1693 2366
7 1694 3645
7 1695 3988
7 1696 6195
7 1697 1834
7 1698 3877
7 1699 3245
7 1700 9678
7 1701 9192
7 1702 3467
7 1703 9316
7 1704 7771
7 1705 3053
7 1706 6959
7 1707 5085
7 1708 4967
7 1709 7238
7 1710 2986
7 1711 1889
7 1712 6026
7 1713 6322
7 1714 7919
7 1715 2602
7 1716 8638
7 1717 5066
7 1718 5049
7 1719 3251
7 1720 5947
7 1721 9361
8 21 5187
8 36 7656
8 48 1307
8 87 2389
8 109 7181
8 110 1677
8 129 1373
8 216 3936
8 270 8233
8 271 9343
8 272 4621
8 273 7720
8 274 3767
8 275 1299
8 372 2671
8 555 2904
8 673 2359
8 674 6052
8 675 8649
8 676 9795
8 677 4402
8 678 8462
8 679 3266
8 680 5522
8 681 3204
8 682 3263
8 683 3619
8 684 4048
8 685 5373
8 686 9363
8 1101 2103
8 1476 1447
8 1722 8531
8 1723 1518
8 1724 8162
8 1725 2769
8 1726 7868
8 1727 6402
8 1728 8315
8 1729 9019
8 1730 8776
8 1731 6373
8 1732 1673
8 1733 1933
8 1734 1756
8 1735 2923
8 1736 2003
8 1737 8913
8 1738 8622
8 1739 3183
8 1740 4449
8 1741 5091
8 1742 9517
8 1743 1362
8 1744 5543
8 1745 7629
8 1746 3339
8 1747 9375
8 1748 5906
8 1749 8807
8 1750 9712
8 1751 7739
9 22 4971
9 38 3710
9 49 7428
9 93 1374
9 111 7768
9 112 4913
9 130 2937
9 230 9791
9 276 2632
9 277 3849
9 278 5775
9 279 7258
9 280 1810
9 281 6470
9 373 8224
9 585 7158
9 687 5778
9 688 4115
9 689 3739
9 690 7761
9 691 7762
9 692 4592
9 693 8864
9 694 8994
9 695 4716
9 696 5478
9 697 4612
9 698 5285
9 699 2813
9 700 5127
9 1102 1816
9 1538 1896
9 1752 6204
9 1753 5752
9 1754 1717
9 1755 1234
9 1756 3982
9 1757 4522
9 1758 8128
9 1759 8776
9 1760 8458
9 1761 7844
9 1762 6117
9 1763 9549
9 1764 9639
9 1765 9523
9 1766 6875
9 1767 4788
9 1768 9766
9 1769 2360
9 1770 3830
9 1771 6152
9 1772 2651
9 1773 9582
9 1774 9304
9 1775 9676
9 1776 6214
9 1777 7936
9 1778 5478
9 1779 8485
9 1780 8179
9 1781 6031
10 27 1372
10 33 3004
10 62 5443
10 76 5985
10 113 4184
10 114 9552
10 159 4617
10 189 7116
10 282 2507
10 283 3973
10 284 6501
10 285 8081
10 286 8223
10 287 2867
10 434 5534
10 496 9315
10 701 9198
10 702 7796
10 703 3980
10 704 8528
10 705 5488
10 706 2628
10 707 7324
10 708 8004
10 709 4706
10 710 4558
10 711 4975
10 712 5658
10 713 6412
10 714 7442
10 1227 9473
10 1353 3497
10 1782 1277
10 1783 5132
10 1784 9142
10 1785 4562
10 1786 2330
10 1787 3400
10 1788 7726
10 1789 7934
10 1790 4276
10 1791 7160
10 1792 5941
10 1793 5571
10 1794 1085
10 1795 3968
10 1796 9897
10 1797 4256
10 1798 2934
10 1799 2659
10 1800 9123
10 1801 3177
10 1802 4542
10 1803 7439
10 1804 9001
10 1805 7765
10 1806 8978
10 1807 3025
10 1808 5253
10 1809 3586
10 1810 2583
10 1811 4335
11 28 8994
11 37 6998
11 63 7591
11 88 7913
11 115 6941
11 116 7938
11 160 9777
11 217 2505
11 288 3093
11 289 9475
11 290 1797
11 291 1360
11 292 4437
11 293 8410
11 435 6882
11 556 1031
11 715 8971
11 716 8373
11 717 7764
11 718 6809
11 719 1438
11 720 1928
11 721 1351
11 722 8901
11 723 7522
11 724 2365
11 725 9442
11 726 6805
11 727 4941
11 728 2279
11 1228 6805
11 1477 3506
11 1812 8941
11 1813 8008
11 1814 9991
11 1815 4341
11 1816 7042
11 1817 2353
11 1818 3127
11 1819 1256
11 1820 3116
11 1821 7241
11 1822 4109
11 1823 7061
11 1824 9730
11 1825 6879
11 1826 1466
11 1827 3087
11 1828 3931
11 1829 3730
11 1830 5681
11 1831 1137
11 1832 3883
11 1833 8546
11 1834 3830
11 1835 6316
11 1836 1541
11 1837 6015
11 1838 3917
11 1839 5782
11 1840 2046
11 1841 3738
12 29 7624
12 40 8227
12 64 3949
12 99 3437
12 117 1510
12 118 5183
12 161 9981
12 244 7977
12 294 9523
12 295 5170
12 296 1035
12 297 8360
12 298 4947
12 299 8646
12 436 6880
12 615 8516
12 729 9124
12 730 7762
12 731 3528
12 732 1149
12 733 6873
12 734 8042
12 735 2937
12 736 4923
12 737 8193
12 738 9643
12 739 5074
12 740 5513
12 741 4042
12 742 8950
12 1229 6896
12 1600 8078
12 1842 4579
12 1843 9336
12 1844 2341
12 1845 4844
12 1846 3365
12 1847 7456
12 1848 3720
12 1849 4922
12 1850 8459
12 1851 8472
12 1852 2601
12 1853 5217
12 1854 5291
12 1855 9158
12 1856 2450
12 1857 7684
12 1858 4574
12 1859 2276
12 1860 5370
12 1861 8098
12 1862 8881
12 1863 4172
12 1864 5412
12 1865 8857
12 1866 1799
12 1867 4027
12 1868 6317
12 1869 3654
12 1870 8766
12 1871 9073
13 34 4616
13 39 3188
13 77 5469
13 94 1974
13 119 3425
13 120 5874
13 190 7697
13 231 3786
13 300 2660
13 301 5176
13 302 7484
13 303 1188
13 304 2676
13 305 1236
13 497 6773
13 586 6207
13 743 3096
13 744 1224
13 745 1013
13 746 8411
13 747 1099
13 748 9810
13 749 9116
13 750 9410
13 751 9996
13 752 4714
13 753 8755
13 754 3746
13 755 4457
13 756 4754
13 1354 5287
13 1539 1305
13 1872 3681
13 1873 5237
13 1874 6099
13 1875 9742
13 1876 7980
13 1877 1152
13 1878 7150
13 1879 1712
13 1880 8186
13 1881 2093
13 1882 5468
13 1883 8017
13 1884 5552
13 1885 1566
13 1886 5886
13 1887 6878
13 1888 2514
13 1889 7529
13 1890 5048
13 1891 1988
13 1892 5431
13 1893 3403
13 1894 2995
13 1895 3238
13 1896 7272
13 1897 6953
13 1898 8419
13 1899 3922
13 1900 8011
13 1901 8281
14 35 2950
14 41 8384
14 78 5599
14 100 7332
14 121 2529
14 122 1886
14 191 8313
14 245 1210
14 306 8488
14 307 2944
14 308 9611
14 309 6272
14 310 7451
14 311 6635
14 498 4163
14 616 9202
14 757 5943
14 758 4532
14 759 8969
14 760 8842
14 761 5511
14 762 9606
14 763 7903
14 764 1730
14 765 3132
14 766 3260
14 767 9845
14 768 9077
14 769 7823
14 770 1288
14 1355 4554
14 1601 3352
14 1902 7731
14 1903 5560
14 1904 6223
14 1905 8400
14 1906 1817
14 1907 8165
14 1908 8202
14 1909 1171
14 1910 9709
14 1911 9048
14 1912 8304
14 1913 3496
14 1914 1396
14 1915 4863
14 1916 7803
14 1917 7860
14 1918 5389
14 1919 6515
14 1920 1302
14 1921 8728
14 1922 6808
14 1923 9139
14 1924 2025
14 1925 9519
14 1926 1357
14 1927 6510
14 1928 9882
14 1929 7297
14 1930 6805
14 1931 6180
15 50 9420
15 65 8082
15 131 1811
15 162 3472
15 312 6704
15 313 8222
15 374 4663
15 437 1717
15 771 2202
15 772 8372
15 773 2380
15 774 7434
15 775 1340
15 776 7374
15 1103 3301
15 1230 1584
15 1932 7348
15 1933 1828
15 1934 1335
15 1935 5536
15 1936 2371
15 1937 7955
15 1938 4214
15 1939 2550
15 1940 4348
15 1941 5641
15 1942 7303
15 1943 5341
15 1944 4864
15 1945 6502
16 51 8979
16 79 5629
16 132 2403
16 192 1591
16 314 3782
16 315 4782
16 375 1814
16 499 9302
16 777 6070
16 778 6331
16 779 6706
16 780 4682
16 781 7856
16 782 3819
16 1104 4520
16 1356 9717
16 1946 7563
16 1947 5065
16 1948 6811
16 1949 3581
16 1950 4839
16 1951 1877
16 1952 9909
16 1953 2871
16 1954 1132
16 1955 5414
16 1956 6910
16 1957 2654
16 1958 5171
16 1959 7585
17 52 9767
17 89 8348
17 133 8079
17 218 5165
17 316 8656
17 317 6892
17 376 6589
17 557 1441
17 783 7925
17 784 6716
17 785 3805
17 786 8589
17 787 3451
17 788 2814
17 1105 6211
17 1478 7309
17 1960 5476
17 1961 7030
17 1962 7605
17 1963 9118
17 1964 2277
17 1965 8771
17 1966 1012
17 1967 3526
17 1968 7504
17 1969 2221
17 1970 6964
17 1971 2058
17 1972 7158
17 1973 4679
18 53 1551
18 95 9241
18 134 8228
18 232 1760
18 318 4142
18 319 4021
18 377 7291
18 587 1697
18 789 5586
18 790 3573
18 791 9856
18 792 4527
18 793 5619
18 794 5606
18 1106 8325
18 1540 9635
18 1974 3196
18 1975 6639
18 1976 1866
18 1977 6784
18 1978 2759
18 1979 2445
18 1980 2549
18 1981 8651
18 1982 2258
18 1983 8795
18 1984 2474
18 1985 2163
18 1986 1783
18 1987 7855
19 54 4259
19 105 1103
19 135 2195
19 258 1906
19 320 6742
19 321 7470
19 378 4298
19 645 5818
19 795 6236
19 796 5038
19 797 2799
19 798 7684
19 799 2366
19 800 9943
19 1107 4707
19 1662 1947
19 1988 5234
19 1989 6795
19 1990 2328
19 1991 9517
19 1992 6019
19 1993 7291
19 1994 6808
19 1995 8100
19 1996 8426
19 1997 3467
19 1998 3353
19 1999 1102
19 2000 4438
19 2001 8975
20 55 3336
20 107 1756
20 136 6368
20 264 4004
20 322 6210
20 323 3296
20 379 4150
20 659 7591
20 801 7156
20 802 3463
20 803 7560
20 804 9696
20 805 5849
20 806 7557
20 1108 9055
20 1692 3057
20 2002 2263
20 2003 6845
20 2004 2802
20 2005 8607
20 2006 5382
20 2007 2650
20 2008 1906
20 2009 6818
20 2010 3226
20 2011 7586
20 2012 3142
20 2013 2227
20 2014 4769
20 2015 6153
21 56 4048
21 109 4955
21 137 4009
21 270 6597
21 324 9788
21 325 7086
21 380 5958
21 673 6050
21 807 6524
21 808 4144
21 809 4294
21 810 1357
21 811 7412
21 812 2180
21 1109 7624
21 1722 4899
21 2016 7359
21 2017 9958
21 2018 5672
21 2019 6444
21 2020 1407
21 2021 8827
21 2022 2693
21 2023 1525
21 2024 3410
21 2025 9526
21 2026 5129
21 2027 6940
21 2028 4278
21 2029 2600
22 57 1850
22 111 6762
22 138 1872
22 276 1890
22 326 7144
22 327 7591
22 381 8423
22 687 5149
22 813 8755
22 814 5812
22 815 6850
22 816 2135
22 817 9595
22 818 8044
22 1110 1029
22 1752 9585
22 2030 7963
22 2031 3045
22 2032 3348
22 2033 9611
22 2034 2904
22 2035 8569
22 2036 4901
22 2037 6171
22 2038 4627
22 2039 3373
22 2040 8208
22 2041 4564
22 2042 8353
22 2043 2785
23 66 9349
23 80 9441
23 163 2046
23 193 8621
23 328 5383
23 329 1803
23 438 7096
23 500 1024
23 819 2785
23 820 8518
23 821 6191
23 822 7087
23 823 1683
23 824 8794
23 1231 9113
23 1357 1917
23 2044 6195
23 2045 3834
23 2046 4694
23 2047 7723
23 2048 4399
23 2049 8942
23 2050 8999
23 2051 3845
23 2052 5115
23 2053 2522
23 2054 9210
23 2055 8432
23 2056 6418
23 2057 5670
24 67 9523
24 90 9003
24 164 3358
24 219 9344
24 330 6629
24 331 4518
24 439 9489
24 558 5101
24 825 9466
24 826 1735
24 827 4057
24 828 5446
24 829 1157
24 830 7787
24 1232 4821
24 1479 6881
24 2058 6378
24 2059 1534
24 2060 7604
24 2061 1891
24 2062 2378
24 2063 1527
24 2064 1018
24 2065 5239
24 2066 3719
24 2067 3537
24 2068 7282
24 2069 3952
24 2070 4194
24 2071 6649
25 68 9115
25 101 1616
25 165 2341
25 246 3543
25 332 4493
25 333 8276
25 440 2283
25 617 6609
25 831 3819
25 832 6825
25 833 6312
25 834 8649
25 835 1309
25 836 7937
25 1233 9320
25 1602 9452
25 2072 3621
25 2073 1701
25 2074 3700
25 2075 5834
25 2076 2940
25 2077 3960
25 2078 4586
25 2079 1967
25 2080 5578
25 2081 4590
25 2082 7423
25 2083 3369
25 2084 6841
25 2085 9751
26 69 9808
26 106 3376
26 166 4482
26 259 8077
26 334 1126
26 335 8280
26 441 4174
26 646 1827
26 837 8510
26 838 9319
26 839 9606
26 840 5795
26 841 1288
26 842 4452
26 1234 9815
26 1663 2065
26 2086 6935
26 2087 9792
26 2088 9548
26 2089 9677
26 2090 6930
26 2091 8966
26 2092 2061
26 2093 2216
26 2094 2085
26 2095 1555
26 2096 5929
26 2097 1039
26 2098 6119
26 2099 5035
27 70 4388
27 113 6659
27 167 4132
27 282 5419
27 336 7887
27 337 8718
27 442 4925
27 701 1602
27 843 9846
27 844 3847
27 845 1363
27 846 9637
27 847 1883
27 848 8287
27 1235 3892
27 1782 3666
27 2100 6791
27 2101 4603
27 2102 9688
27 2103 4241
27 2104 3278
27 2105 5758
27 2106 3506
27 2107 1663
27 2108 9445
27 2109 2924
27 2110 2710
27 2111 7311
27 2112 4696
27 2113 1870
28 71 3592
28 115 8642
28 168 8135
28 288 5188
28 338 8248
28 339 8974
28 443 5532
28 715 1454
28 849 1528
28 850 3793
28 851 8971
28 852 1159
28 853 3686
28 854 5083
28 1236 3810
28 1812 1273
28 2114 4402
28 2115 9634
28 2116 8132
28 2117 9639
28 2118 2853
28 2119 6677
28 2120 7135
28 2121 2068
28 2122 5392
28 2123 7990
28 2124 6984
28 2125 5412
28 2126 6786
28 2127 2016
29 72 3293
29 117 6325
29 169 7250
29 294 2495
29 340 4177
29 341 9443
29 444 9405
29 729 9943
29 855 5420
29 856 7534
29 857 6870
29 858 6226
29 859 6297
29 860 8614
29 1237 5311
29 1842 1358
29 2128 7923
29 2129 9987
29 2130 7638
29 2131 9579
29 2132 4811
29 2133 7596
29 2134 5012
29 2135 5792
29 2136 8278
29 2137 9761
29 2138 1864
29 2139 9998
29 2140 3972
29 2141 8741
30 81 5868
30 96 3991
30 194 7320
30 233 8876
30 342 4776
30 343 9019
30 501 8404
30 588 7069
30 861 7404
30 862 1322
30 863 3569
30 864 9408
30 865 8138
30 866 9749
30 1358 7472
30 1541 9344
30 2142 9445
30 2143 2035
30 2144 2505
30 2145 8205
30 2146 7259
30 2147 4619
30 2148 7762
30 2149 2468
30 2150 6530
30 2151 8602
30 2152 1550
30 2153 7075
30 2154 6061
30 2155 3519
31 82 4285
31 102 6829
31 195 1651
31 247 4421
31 344 4054
31 345 6384
31 502 1844
31 618 8337
31 867 2582
31 868 9695
31 869 3215
31 870 1811
31 871 1114
31 872 6597
31 1359 1681
31 1603 6242
31 2156 8723
31 2157 1789
31 2158 8170
31 2159 8583
31 2160 8127
31 2161 3766
31 2162 7090
31 2163 8637
31 2164 4592
31 2165 2955
31 2166 7691
31 2167 2404
31 2168 7489
31 2169 3451
32 83 4373
32 108 3076
32 196 6839
32 265 6531
32 346 2683
32 347 3631
32 503 4445
32 660 8722
32 873 1384
32 874 4248
32 875 6315
32 876 7435
32 877 9893
32 878 2662
32 1360 8904
32 1693 7160
32 2170 8372
32 2171 2718
32 2172 1176
32 2173 6720
32 2174 2517
32 2175 4640
32 2176 5748
32 2177 1045
32 2178 1018
32 2179 5668
32 2180 6543
32 2181 7539
32 2182 2133
32 2183 3387
33 84 8390
33 114 7992
33 197 1569
33 283 5956
33 348 3825
33 349 6038
33 504 1198
33 702 9924
33 879 2472
33 880 4359
33 881 8523
33 882 1194
33 883 6494
33 884 6888
33 1361 6243
33 1783 8814
33 2184 6531
33 2185 2463
33 2186 6443
33 2187 2948
33 2188 5167
33 2189 9245
33 2190 1624
33 2191 4000
33 2192 5367
33 2193 5855
33 2194 4503
33 2195 4795
33 2196 2425
33 2197 8603
34 85 4804
34 119 1511
34 198 8999
34 300 6216
34 350 4737
34 351 8686
34 505 7815
34 743 3855
34 885 4735
34 886 1109
34 887 9505
34 888 4826
34 889 5519
34 890 8608
34 1362 6686
34 1872 5551
34 2198 1889
34 2199 9808
34 2200 1303
34 2201 8135
34 2202 6437
34 2203 9318
34 2204 9027
34 2205 9836
34 2206 9789
34 2207 9121
34 2208 6405
34 2209 4601
34 2210 4727
34 2211 4176
35 86 8573
35 121 1125
35 199 8530
35 306 9950
35 352 1458
35 353 2820
35 506 9800
35 757 3432
35 891 8894
35 892 6760
35 893 8413
35 894 2221
35 895 4933
35 896 9089
35 1363 3804
35 1902 4724
35 2212 7126
35 2213 4191
35 2214 7731
35 2215 2845
35 2216 3133
35 2217 5942
35 2218 4721
35 2219 7746
35 2220 5105
35 2221 7639
35 2222 8568
35 2223 4191
35 2224 1552
35 2225 2509
36 91 5727
36 110 7628
36 220 2969
36 271 7010
36 354 1584
36 355 5022
36 559 5139
36 674 5323
36 897 4828
36 898 3185
36 899 6916
36 900 7035
36 901 3771
36 902 6234
36 1480 1427
36 1723 5659
36 2226 5431
36 2227 1089
36 2228 2685
36 2229 1967
36 2230 5781
36 2231 5478
36 2232 4280
36 2233 7947
36 2234 8663
36 2235 3528
36 2236 3263
36 2237 7875
36 2238 9991
36 2239 2395
37 92 8846
37 116 5009
37 221 4101
37 289 3903
37 356 8288
37 357 9994
37 560 6243
37 716 3457
37 903 4476
37 904 7052
37 905 7473
37 906 5544
37 907 4750
37 908 5294
37 1481 1430
37 1813 5455
37 2240 7083
37 2241 2606
37 2242 4789
37 2243 2620
37 2244 1302
37 2245 1148
37 2246 2711
37 2247 3819
37 2248 2383
37 2249 8269
37 2250 3527
37 2251 7698
37 2252 3594
37 2253 5255
38 97 9499
38 112 8092
38 234 6651
38 277 6156
38 358 5689
38 359 2144
38 589 6585
38 688 7980
38 909 4075
38 910 8444
38 911 8742
38 912 5287
38 913 8350
38 914 4533
38 1542 4546
38 1753 2283
38 2254 9618
38 2255 8490
38 2256 7486
38 2257 3354
38 2258 7371
38 2259 7744
38 2260 3638
38 2261 1103
38 2262 7829
38 2263 1983
38 2264 3823
38 2265 1297
38 2266 5910
38 2267 5326
39 98 1159
39 120 8889
39 235 3055
39 301 5459
39 360 1969
39 361 2055
39 590 5383
39 744 1410
39 915 5168
39 916 6704
39 917 9489
39 918 2346
39 919 6608
39 920 9290
39 1543 9140
39 1873 4409
39 2268 8184
39 2269 9890
39 2270 6916
39 2271 4958
39 2272 4253
39 2273 3684
39 2274 5441
39 2275 1788
39 2276 8594
39 2277 5028
39 2278 5111
39 2279 2102
39 2280 2200
39 2281 1283
40 103 2101
40 118 3921
40 248 7362
40 295 7978
40 362 8368
40 363 2868
40 619 2570
40 730 7665
40 921 7483
40 922 2830
40 923 3326
40 924 4951
40 925 9432
40 926 5277
40 1604 5271
40 1843 9236
40 2282 2299
40 2283 1038
40 2284 7093
40 2285 5863
40 2286 8326
40 2287 8396
40 2288 1444
40 2289 2673
40 2290 1083
40 2291 1563
40 2292 3814
40 2293 2676
40 2294 6984
40 2295 5402
41 104 4138
41 122 8464
41 249 2193
41 307 3420
41 364 7885
41 365 7710
41 620 2172
41 758 8778
41 927 4140
41 928 4750
41 929 8947
41 930 3200
41 931 7669
41 932 7487
41 1605 8096
41 1903 3192
41 2296 8868
41 2297 6774
41 2298 5820
41 2299 1295
41 2300 4583
41 2301 4929
41 2302 9133
41 2303 5080
41 2304 9727
41 2305 4224
41 2306 7064
41 2307 1399
41 2308 8444
41 2309 7908
42 139 3759
42 170 5276
42 382 1283
42 445 4979
42 933 5350
42 934 5275
42 1111 1194
42 1238 6092
42 2310 1074
42 2311 9157
42 2312 4806
42 2313 1456
42 2314 9273
42 2315 5798
43 140 7278
43 200 9440
43 383 4293
43 507 9933
43 935 4166
43 936 7838
43 1112 2583
43 1364 4746
43 2316 4223
43 2317 8317
43 2318 5590
43 2319 6828
43 2320 1336
43 2321 5114
44 141 1754
44 222 6137
44 384 5393
44 561 4324
44 937 6953
44 938 1834
44 1113 8462
44 1482 7184
44 2322 9160
44 2323 1939
44 2324 6586
44 2325 8432
44 2326 1688
44 2327 6752
45 142 4436
45 236 1989
45 385 2323
45 591 1716
45 939 2293
45 940 3688
45 1114 6496
45 1544 2082
45 2328 2672
45 2329 1080
45 2330 7163
45 2331 8393
45 2332 4112
45 2333 7724
46 143 9133
46 260 1079
46 386 7457
46 647 6871
46 941 6238
46 942 8559
46 1115 1482
46 1664 3158
46 2334 8896
46 2335 8232
46 2336 2237
46 2337 4983
46 2338 9054
46 2339 7569
47 144 2830
47 266 4436
47 387 7275
47 661 1055
47 943 3587
47 944 9898
47 1116 7341
47 1694 7151
47 2340 6803
47 2341 1556
47 2342 5597
47 2343 6173
47 2344 3410
47 2345 9942
48 145 2559
48 272 9469
48 388 2032
48 675 2513
48 945 6611
48 946 9202
48 1117 1619
48 1724 3484
48 2346 5375
48 2347 8887
48 2348 3552
48 2349 2829
48 2350 8952
48 2351 2152
49 146 2608
49 278 3530
49 389 1876
49 689 9167
49 947 1882
49 948 7322
49 1118 4587
49 1754 4880
49 2352 8343
49 2353 3348
49 2354 3188
49 2355 4253
49 2356 9828
49 2357 3309
50 147 5006
50 312 7543
50 390 3533
50 771 4862
50 949 4961
50 950 6275
50 1119 7265
50 1932 9342
50 2358 8403
50 2359 4832
50 2360 1747
50 2361 9002
50 2362 7430
50 2363 7155
51 148 8662
51 314 9594
51 391 4231
51 777 7689
51 951 2388
51 952 6373
51 1120 9923
51 1946 4642
51 2364 5234
51 2365 4942
51 2366 7553
51 2367 9447
51 2368 9533
51 2369 8296
52 149 4043
52 316 2231
52 392 9288
52 783 9339
52 953 2596
52 954 1241
52 1121 7548
52 1960 8239
52 2370 2006
52 2371 7065
52 2372 8209
52 2373 7796
52 2374 3021
52 2375 9531
53 150 9298
53 318 2694
53 393 8126
53 789 7721
53 955 8061
53 956 6276
53 1122 9836
53 1974 3557
53 2376 2182
53 2377 5988
53 2378 1229
53 2379 6614
53 2380 8833
53 2381 6709
54 151 9433
54 320 8169
54 394 2576
54 795 9172
54 957 7995
54 958 5118
54 1123 2121
54 1988 1274
54 2382 6602
54 2383 3571
54 2384 6308
54 2385 2893
54 2386 8580
54 2387 1309
55 152 3649
55 322 7685
55 395 8843
55 801 9108
55 959 6126
55 960 7284
55 1124 4023
55 2002 4139
55 2388 8776
55 2389 7716
55 2390 6986
55 2391 6256
55 2392 2059
55 2393 7978
56 153 7535
56 324 8963
56 396 8038
56 807 4479
56 961 4651
56 962 4567
56 1125 6525
56 2016 4135
56 2394 3918
56 2395 1396
56 2396 2268
56 2397 7169
56 2398 4834
56 2399 5366
57 154 8561
57 326 2627
57 397 7822
57 813 1870
57 963 7971
57 964 1165
57 1126 4224
57 2030 2997
57 2400 4721
57 2401 9807
57 2402 2741
57 2403 3887
57 2404 9828
57 2405 8544
58 171 3624
58 201 3655
58 446 4317
58 508 5747
58 965 1902
58 966 1957
58 1239 5818
58 1365 1917
58 2406 6089
58 2407 4399
58 2408 1321
58 2409 2003
58 2410 5347
58 2411 3276
59 172 7655
59 223 8779
59 447 3411
59 562 5815
59 967 3236
59 968 4003
59 1240 1728
59 1483 7689
59 2412 5592
59 2413 4183
59 2414 9549
59 2415 9812
59 2416 9778
59 2417 3639
60 173 4077
60 250 9332
60 448 9598
60 621 8291
60 969 7169
60 970 6661
60 1241 3790
60 1606 1014
60 2418 9804
60 2419 1209
60 2420 6281
60 2421 1546
60 2422 8689
60 2423 6102
61 174 9052
61 261 5396
61 449 3192
61 648 3787
61 971 8844
61 972 2512
61 1242 6441
61 1665 3938
61 2424 9281
61 2425 5277
61 2426 8697
61 2427 1026
61 2428 9126
61 2429 6882
62 175 5857
62 284 6366
62 450 3711
62 703 4164
62 973 5216
62 974 1738
62 1243 3296
62 1784 6407
62 2430 1107
62 2431 2422
62 2432 7621
62 2433 4233
62 2434 1917
62 2435 5820
63 176 4200
63 290 8765
63 451 4958
63 717 3200
63 975 2405
63 976 1428
63 1244 9644
63 1814 5811
63 2436 6210
63 2437 4408
63 2438 2768
63 2439 1782
63 2440 9657
63 2441 6953
64 177 5163
64 296 2900
64 452 2983
64 731 7140
64 977 4091
64 978 4531
64 1245 3288
64 1844 6794
64 2442 7663
64 2443 7535
64 2444 6113
64 2445 4627
64 2446 9239
64 2447 9990
65 178 5359
65 313 2390
65 453 1000
65 772 1649
65 979 9525
65 980 5207
65 1246 2814
65 1933 4139
65 2448 2377
65 2449 7575
65 2450 6339
65 2451 5993
65 2452 1491
65 2453 6357
66 179 1370
66 328 1450
66 454 7431
66 819 7562
66 981 4697
66 982 5693
66 1247 6039
66 2044 9436
66 2454 2681
66 2455 6845
66 2456 6458
66 2457 2310
66 2458 5064
66 2459 5291
67 180 5716
67 330 6143
67 455 2883
67 825 5594
67 983 6463
67 984 8315
67 1248 7057
67 2058 6583
67 2460 5616
67 2461 8991
67 2462 4580
67 2463 2663
67 2464 2009
67 2465 7995
68 181 2946
68 332 2393
68 456 7357
68 831 6485
68 985 5180
68 986 6035
68 1249 3550
68 2072 5158
68 2466 9968
68 2467 7575
68 2468 5543
68 2469 2970
68 2470 4581
68 2471 8093
69 182 1465
69 334 1036
69 457 2437
69 837 5510
69 987 6671
69 988 6949
69 1250 2091
69 2086 3723
69 2472 7780
69 2473 3861
69 2474 4601
69 2475 5143
69 2476 5979
69 2477 5435
70 183 5888
70 336 9208
70 458 7395
70 843 3608
70 989 9737
70 990 2883
70 1251 7835
70 2100 1582
70 2478 5412
70 2479 4848
70 2480 3211
70 2481 2070
70 2482 3466
70 2483 1568
71 184 5349
71 338 2120
71 459 8062
71 849 1337
71 991 3051
71 992 5262
71 1252 2702
71 2114 8358
71 2484 5603
71 2485 1721
71 2486 1261
71 2487 1421
71 2488 9708
71 2489 5522
72 185 5052
72 340 6159
72 460 5017
72 855 2142
72 993 3932
72 994 6704
72 1253 3095
72 2128 6728
72 2490 6401
72 2491 3331
72 2492 5120
72 2493 4742
72 2494 3311
72 2495 3974
73 202 3353
73 237 1196
73 509 3069
73 592 5510
73 995 9283
73 996 1602
73 1366 1794
73 1545 8661
73 2496 7871
73 2497 7040
73 2498 8907
73 2499 2272
73 2500 2644
73 2501 2558
74 203 2023
74 251 1905
74 510 9514
74 622 3588
74 997 7329
74 998 5177
74 1367 2968
74 1607 6589
74 2502 5602
74 2503 9107
74 2504 3376
74 2505 1757
74 2506 7136
74 2507 1828
75 204 6515
75 267 6948
75 511 4982
75 662 1364
75 999 7821
75 1000 8995
75 1368 6589
75 1695 1433
75 2508 4568
75 2509 4649
75 2510 6853
75 2511 4272
75 2512 5560
75 2513 7677
76 205 4605
76 285 5615
76 512 3780
76 704 6423
76 1001 4149
76 1002 3511
76 1369 8562
76 1785 9370
76 2514 9735
76 2515 9295
76 2516 5625
76 2517 8893
76 2518 3463
76 2519 2060
77 206 3629
77 302 8683
77 513 9735
77 745 9581
77 1003 8652
77 1004 2033
77 1370 5460
77 1874 1329
77 2520 4602
77 2521 9003
77 2522 4959
77 2523 1836
77 2524 3751
77 2525 7467
78 207 3792
78 308 7559
78 514 1914
78 759 2639
78 1005 2399
78 1006 8013
78 1371 2712
78 1904 7530
78 2526 8304
78 2527 4311
78 2528 4647
78 2529 8644
78 2530 8606
78 2531 7112
79 208 6838
79 315 8049
79 515 7893
79 778 2982
79 1007 2670
79 1008 2813
79 1372 8421
79 1947 8826
79 2532 1168
79 2533 8996
79 2534 2813
79 2535 1738
79 2536 1106
79 2537 1110
80 209 7985
80 329 5199
80 516 3757
80 820 2968
80 1009 2750
80 1010 7392
80 1373 9626
80 2045 4851
80 2538 6017
80 2539 8959
80 2540 1191
80 2541 2380
80 2542 5359
80 2543 5778
81 210 9988
81 342 1295
81 517 2085
81 861 4080
81 1011 2401
81 1012 8927
81 1374 6583
81 2142 3087
81 2544 5835
81 2545 2427
81 2546 9782
81 2547 8368
81 2548 2485
81 2549 8536
82 211 9390
82 344 3747
82 518 4599
82 867 4099
82 1013 5091
82 1014 7013
82 1375 3839
82 2156 4190
82 2550 3579
82 2551 9549
82 2552 8971
82 2553 8937
82 2554 6375
82 2555 9475
83 212 4851
83 346 5261
83 519 1724
83 873 6720
83 1015 3946
83 1016 1998
83 1376 3316
83 2170 8629
83 2556 8945
83 2557 3070
83 2558 8485
83 2559 7892
83 2560 5115
83 2561 7079
84 213 7936
84 348 9909
84 520 2128
84 879 4619
84 1017 8230
84 1018 4529
84 1377 4143
84 2184 5781
84 2562 6359
84 2563 6638
84 2564 6699
84 2565 1674
84 2566 6172
84 2567 3772
85 214 3401
85 350 6971
85 521 1536
85 885 9333
85 1019 3019
85 1020 8562
85 1378 3332
85 2198 8317
85 2568 9062
85 2569 3550
85 2570 9628
85 2571 3271
85 2572 4621
85 2573 7873
86 215 7830
86 352 6084
86 522 7886
86 891 3529
86 1021 2511
86 1022 2329
86 1379 7257
86 2212 1613
86 2574 1497
86 2575 9356
86 2576 5750
86 2577 8129
86 2578 5944
86 2579 2394
87 224 5655
87 273 1760
87 563 6061
87 676 9606
87 1023 7537
87 1024 6419
87 1484 1407
87 1725 6366
87 2580 1594
87 2581 4668
87 2582 2043
87 2583 8322
87 2584 4684
87 2585 9596
88 225 7129
88 291 3941
88 564 7259
88 718 6340
88 1025 6829
88 1026 9848
88 1485 3927
88 1815 4325
88 2586 1651
88 2587 1600
88 2588 6766
88 2589 9621
88 2590 9545
88 2591 6931
89 226 4203
89 317 8956
89 565 2802
89 784 6042
89 1027 2740
89 1028 9889
89 1486 8770
89 1961 5395
89 2592 4701
89 2593 7159
89 2594 6473
89 2595 9114
89 2596 9254
89 2597 3331
90 227 9184
90 331 6632
90 566 7614
90 826 7065
90 1029 2548
90 1030 6584
90 1487 7224
90 2059 3999
90 2598 7578
90 2599 2442
90 2600 2596
90 2601 2106
90 2602 7042
90 2603 1839
91 228 4987
91 354 6696
91 567 6935
91 897 5156
91 1031 3027
91 1032 1090
91 1488 4007
91 2226 6439
91 2604 1019
91 2605 8406
91 2606 9872
91 2607 9096
91 2608 2271
91 2609 7204
92 229 5356
92 356 6507
92 568 8629
92 903 6060
92 1033 7233
92 1034 8202
92 1489 3181
92 2240 6146
92 2610 3777
92 2611 8892
92 2612 1506
92 2613 3222
92 2614 7903
92 2615 2386
93 238 4076
93 279 1185
93 593 9101
93 690 4052
93 1035 5100
93 1036 3589
93 1546 3937
93 1755 5535
93 2616 1433
93 2617 9254
93 2618 4409
93 2619 8038
93 2620 7635
93 2621 3240
94 239 4704
94 303 1379
94 594 5340
94 746 2228
94 1037 8893
94 1038 8822
94 1547 8424
94 1875 1718
94 2622 8134
94 2623 7216
94 2624 4288
94 2625 7854
94 2626 3172
94 2627 8566
95 240 6379
95 319 2301
95 595 4967
95 790 4282
95 1039 8675
95 1040 3941
95 1548 7614
95 1975 4653
95 2628 1398
95 2629 2109
95 2630 6435
95 2631 6464
95 2632 3546
95 2633 8004
96 241 5064
96 343 5922
96 596 1719
96 862 9017
96 1041 5359
96 1042 6029
96 1549 6756
96 2143 1871
96 2634 7719
96 2635 2409
96 2636 8254
96 2637 9935
96 2638 7562
96 2639 8246
97 242 2085
97 358 7909
97 597 9439
97 909 8358
97 1043 5455
97 1044 7286
97 1550 3543
97 2254 5792
97 2640 3900
97 2641 5756
97 2642 6273
97 2643 5931
97 2644 8001
97 2645 3656
98 243 7906
98 360 9038
98 598 2848
98 915 1521
98 1045 2332
98 1046 9613
98 1551 2918
98 2268 7117
98 2646 9153
98 2647 8403
98 2648 3725
98 2649 4133
98 2650 5505
98 2651 1767
99 252 7173
99 297 6825
99 623 7354
99 732 8857
99 1047 6895
99 1048 3639
99 1608 9520
99 1845 1004
99 2652 6489
99 2653 7418
99 2654 3854
99 2655 9859
99 2656 5780
99 2657 6719
100 253 1115
100 309 3685
100 624 1917
100 760 5200
100 1049 1200
100 1050 6110
100 1609 1080
100 1905 2441
100 2658 8109
100 2659 9926
100 2660 2081
100 2661 8095
100 2662 2579
100 2663 1079
101 254 7833
101 333 4954
101 625 7779
101 832 4277
101 1051 9756
101 1052 5260
101 1610 1169
101 2073 3016
101 2664 2433
101 2665 2577
101 2666 3819
101 2667 7521
101 2668 8520
101 2669 6304
102 255 5403
102 345 9509
102 626 2832
102 868 6458
102 1053 1250
102 1054 2029
102 1611 8601
102 2157 4036
102 2670 7639
102 2671 1504
102 2672 8899
102 2673 4895
102 2674 9884
102 2675 5141
103 256 6541
103 362 9683
103 627 5525
103 921 3375
103 1055 9464
103 1056 9876
103 1612 1878
103 2282 3183
103 2676 1048
103 2677 8558
103 2678 9025
103 2679 3087
103 2680 6692
103 2681 8666
104 257 3242
104 364 2561
104 628 7242
104 927 1425
104 1057 8999
104 1058 4944
104 1613 8631
104 2296 7355
104 2682 3737
104 2683 2178
104 2684 7453
104 2685 8714
104 2686 5966
104 2687 2711
105 262 8577
105 321 7440
105 649 2408
105 796 4017
105 1059 7642
105 1060 5047
105 1666 3075
105 1989 4047
105 2688 8065
105 2689 8973
105 2690 8548
105 2691 4479
105 2692 3499
105 2693 1104
106 263 6898
106 335 7002
106 650 8233
106 838 5713
106 1061 6276
106 1062 3891
106 1667 3075
106 2087 5003
106 2694 1192
106 2695 6927
106 2696 7853
106 2697 7679
106 2698 6043
106 2699 3641
107 268 1090
107 323 9626
107 663 7395
107 802 2336
107 1063 7756
107 1064 1568
107 1696 9323
107 2003 3352
107 2700 6142
107 2701 5015
107 2702 2121
107 2703 6150
107 2704 6845
107 2705 7144
108 269 6997
108 347 5717
108 664 8432
108 874 8118
108 1065 6865
108 1066 6799
108 1697 5459
108 2171 7231
108 2706 4840
108 2707 1835
108 2708 6793
108 2709 9346
108 2710 3990
108 2711 6765
109 274 4983
109 325 1118
109 677 8397
109 808 7113
109 1067 8500
109 1068 6108
109 1726 6678
109 2017 3219
109 2712 6611
109 2713 9441
109 2714 4055
109 2715 2904
109 2716 2889
109 2717 4579
110 275 7852
110 355 4284
110 678 4184
110 898 4924
110 1069 2630
110 1070 7989
110 1727 6723
110 2227 2122
110 2718 7672
110 2719 5541
110 2720 5415
110 2721 3917
110 2722 5706
110 2723 7446
111 280 3612
111 327 9497
111 691 5964
111 814 3341
111 1071 1734
111 1072 7392
111 1756 4129
111 2031 6439
111 2724 2487
111 2725 8855
111 2726 2469
111 2727 5504
111 2728 5028
111 2729 6082
112 281 9823
112 359 3034
112 692 8482
112 910 5355
112 1073 6771
112 1074 1056
112 1757 1490
112 2255 1081
112 2730 4492
112 2731 3452
112 2732 1514
112 2733 2567
112 2734 9211
112 2735 1499
113 286 7157
113 337 1009
113 705 9681
113 844 5108
113 1075 8710
113 1076 7009
113 1786 5678
113 2101 9370
113 2736 5204
113 2737 9925
113 2738 9689
113 2739 7094
113 2740 6515
113 2741 8613
114 287 6703
114 349 3046
114 706 1804
114 880 3562
114 1077 9878
114 1078 4918
114 1787 9763
114 2185 2398
114 2742 2501
114 2743 1833
114 2744 1892
114 2745 5162
114 2746 8168
114 2747 6982
115 292 4786
115 339 2857
115 719 4794
115 850 5587
115 1079 1448
115 1080 1737
115 1816 3189
115 2115 1518
115 2748 9465
115 2749 1962
115 2750 3892
115 2751 2947
115 2752 1805
115 2753 2058
116 293 6846
116 357 8088
116 720 5042
116 904 6756
116 1081 1109
116 1082 2711
116 1817 3915
116 2241 7559
116 2754 6955
116 2755 8332
116 2756 9601
116 2757 7894
116 2758 4035
116 2759 4346
117 298 5050
117 341 8581
117 733 2283
117 856 3109
117 1083 7651
117 1084 8256
117 1846 3907
117 2129 2336
117 2760 1153
117 2761 2479
117 2762 2512
117 2763 7577
117 2764 4283
117 2765 5243
118 299 2420
118 363 3618
118 734 1427
118 922 7627
118 1085 7270
118 1086 9998
118 1847 4266
118 2283 1797
118 2766 3800
118 2767 5403
118 2768 3511
118 2769 2513
118 2770 7634
118 2771 2123
119 304 4321
119 351 1158
119 747 3370
119 886 4309
119 1087 9989
119 1088 4150
119 1876 7617
119 2199 2905
119 2772 5508
119 2773 8687
119 2774 8438
119 2775 5608
119 2776 4296
119 2777 9373
120 305 8855
120 361 5709
120 748 3519
120 916 8898
120 1089 5973
120 1090 4862
120 1877 8402
120 2269 7820
120 2778 5848
120 2779 9490
120 2780 7159
120 2781 3545
120 2782 2768
120 2783 6090
121 310 4194
121 353 4656
121 761 1756
121 892 7586
121 1091 6590
121 1092 7071
121 1906 7491
121 2213 5008
121 2784 1153
121 2785 9137
121 2786 4102
121 2787 9695
121 2788 3401
121 2789 5902
122 311 5590
122 365 2276
122 762 2348
122 928 2711
122 1093 8701
122 1094 3451
122 1907 9833
122 2297 4505
122 2790 1655
122 2791 8291
122 2792 4761
122 2793 3996
122 2794 4525
122 2795 1132
123 398 3474
123 461 8090
123 1127 8816
123 1254 5082
123 2796 6271
123 2797 4791
124 399 9779
124 523 2727
124 1128 2797
124 1380 3202
124 2798 3374
124 2799 3097
125 400 9251
125 569 9522
125 1129 7691
125 1490 3602
125 2800 8035
125 2801 9495
126 401 5887
126 599 8603
126 1130 5775
126 1552 6124
126 2802 8589
126 2803 4069
127 402 6145
127 651 5356
127 1131 5561
127 1668 5415
127 2804 2994
127 2805 9598
128 403 9484
128 665 4640
128 1132 6277
128 1698 3830
128 2806 5411
128 2807 5174
129 404 8587
129 679 8575
129 1133 4234
129 1728 6916
129 2808 7941
129 2809 5234
130 405 7398
130 693 9793
130 1134 6153
130 1758 2074
130 2810 8070
130 2811 2173
131 406 4362
131 773 4285
131 1135 2455
131 1934 3971
131 2812 8350
131 2813 5470
132 407 7591
132 779 2191
132 1136 8500
132 1948 9742
132 2814 5057
132 2815 5628
133 408 6130
133 785 9752
133 1137 7742
133 1962 6292
133 2816 8248
133 2817 8535
134 409 8157
134 791 2928
134 1138 7970
134 1976 6115
134 2818 3763
134 2819 9014
135 410 2417
135 797 3721
135 1139 9621
135 1990 8649
135 2820 5337
135 2821 2661
136 411 9831
136 803 7499
136 1140 1508
136 2004 7828
136 2822 3426
136 2823 1424
137 412 3789
137 809 4240
137 1141 4984
137 2018 5368
137 2824 4214
137 2825 9330
138 413 2665
138 815 6728
138 1142 7341
138 2032 8346
138 2826 8468
138 2827 9005
139 414 2307
139 933 6624
139 1143 9490
139 2310 7348
139 2828 9792
139 2829 5708
140 415 3676
140 935 8198
140 1144 6421
140 2316 6768
140 2830 1927
140 2831 9877
141 416 6331
141 937 1181
141 1145 7603
141 2322 6676
141 2832 7709
141 2833 2202
142 417 1542
142 939 4656
142 1146 2738
142 2328 5366
142 2834 5290
142 2835 7629
143 418 4606
143 941 7853
143 1147 8973
143 2334 2678
143 2836 4811
143 2837 6266
144 419 2027
144 943 5088
144 1148 8565
144 2340 2794
144 2838 3504
144 2839 3750
145 420 4600
145 945 9770
145 1149 5663
145 2346 1890
145 2840 3984
145 2841 1521
146 421 8652
146 947 6807
146 1150 2281
146 2352 1415
146 2842 9459
146 2843 1111
147 422 5553
147 949 6628
147 1151 2078
147 2358 5959
147 2844 8175
147 2845 7380
148 423 1663
148 951 2751
148 1152 5006
148 2364 4040
148 2846 8605
148 2847 1906
149 424 2542
149 953 9781
149 1153 6959
149 2370 6540
149 2848 1521
149 2849 8291
150 425 5577
150 955 8698
150 1154 9008
150 2376 5341
150 2850 3470
150 2851 4725
151 426 8254
151 957 8247
151 1155 5408
151 2382 6801
151 2852 7258
151 2853 3530
152 427 7172
152 959 8771
152 1156 3209
152 2388 9320
152 2854 7149
152 2855 3773
153 428 8825
153 961 4214
153 1157 3941
153 2394 7466
153 2856 8332
153 2857 8484
154 429 7681
154 963 4035
154 1158 8691
154 2400 9688
154 2858 3942
154 2859 7964
155 462 5577
155 524 9529
155 1255 8915
155 1381 6021
155 2860 8604
155 2861 4415
156 463 7596
156 570 4118
156 1256 4372
156 1491 7695
156 2862 7969
156 2863 2181
157 464 5485
157 629 6388
157 1257 6900
157 1614 1046
157 2864 8370
157 2865 9287
158 465 5906
158 652 1539
158 1258 5148
158 1669 5588
158 2866 1446
158 2867 8096
159 466 4010
159 707 8810
159 1259 3782
159 1788 6561
159 2868 7701
159 2869 4963
160 467 9092
160 721 8070
160 1260 7216
160 1818 9244
160 2870 2069
160 2871 7157
161 468 5406
161 735 5925
161 1261 5761
161 1848 1912
161 2872 6338
161 2873 7767
162 469 5700
162 774 2203
162 1262 6370
162 1935 7252
162 2874 1004
162 2875 4372
163 470 3471
163 821 3589
163 1263 5500
163 2046 8553
163 2876 8303
163 2877 5688
164 471 1792
164 827 4584
164 1264 7252
164 2060 1406
164 2878 4293
164 2879 7159
165 472 2565
165 833 9128
165 1265 7351
165 2074 3905
165 2880 9520
165 2881 9927
166 473 4102
166 839 6644
166 1266 7663
166 2088 5792
166 2882 6479
166 2883 8706
167 474 4800
167 845 3187
167 1267 9043
167 2102 8319
167 2884 6273
167 2885 7861
168 475 3388
168 851 6691
168 1268 4930
168 2116 1587
168 2886 3539
168 2887 8690
169 476 9934
169 857 4146
169 1269 9721
169 2130 3962
169 2888 9055
169 2889 7860
170 477 9599
170 934 8781
170 1270 1392
170 2311 4845
170 2890 4338
170 2891 2159
171 478 3074
171 965 4508
171 1271 8704
171 2406 3055
171 2892 5638
171 2893 5204
172 479 7171
172 967 6935
172 1272 5991
172 2412 3421
172 2894 8618
172 2895 9253
173 480 2746
173 969 7547
173 1273 8605
173 2418 6988
173 2896 1186
173 2897 9205
174 481 2412
174 971 8206
174 1274 5193
174 2424 6868
174 2898 2612
174 2899 4499
175 482 8752
175 973 7952
175 1275 7704
175 2430 5275
175 2900 9560
175 2901 2898
176 483 3078
176 975 2115
176 1276 6106
176 2436 1255
176 2902 1780
176 2903 7488
177 484 6086
177 977 4755
177 1277 7290
177 2442 6674
177 2904 1848
177 2905 4001
178 485 8772
178 979 1501
178 1278 6260
178 2448 6370
178 2906 5583
178 2907 7038
179 486 5799
179 981 9827
179 1279 3378
179 2454 7240
179 2908 6804
179 2909 3887
180 487 7723
180 983 3383
180 1280 1347
180 2460 3138
180 2910 4709
180 2911 5711
181 488 5216
181 985 5601
181 1281 6348
181 2466 8409
181 2912 2678
181 2913 1836
182 489 1995
182 987 7386
182 1282 8562
182 2472 8522
182 2914 4596
182 2915 4436
183 490 7540
183 989 8622
183 1283 3126
183 2478 4104
183 2916 5560
183 2917 4322
184 491 9698
184 991 1302
184 1284 5990
184 2484 1495
184 2918 6799
184 2919 9869
185 492 8764
185 993 2470
185 1285 3785
185 2490 4833
185 2920 2311
185 2921 2564
186 525 5136
186 600 1569
186 1382 3059
186 1553 8140
186 2922 3648
186 2923 6872
187 526 7044
187 630 5905
187 1383 3973
187 1615 7601
187 2924 2987
187 2925 3283
188 527 6428
188 666 1386
188 1384 8862
188 1699 7256
188 2926 4132
188 2927 3372
189 528 9110
189 708 2485
189 1385 7809
189 1789 7655
189 2928 9826
189 2929 2838
190 529 8116
190 749 9280
190 1386 4807
190 1878 6053
190 2930 7763
190 2931 5651
191 530 9741
191 763 7123
191 1387 8502
191 1908 1093
191 2932 9449
191 2933 5984
192 531 6124
192 780 8391
192 1388 9081
192 1949 1712
192 2934 2179
192 2935 5816
193 532 8966
193 822 4151
193 1389 5183
193 2047 7197
193 2936 1823
193 2937 9198
194 533 8079
194 863 7524
194 1390 9724
194 2144 8566
194 2938 9825
194 2939 9029
195 534 8290
195 869 1267
195 1391 3160
195 2158 1590
195 2940 3602
195 2941 8256
196 535 6859
196 875 5152
196 1392 9906
196 2172 4208
196 2942 7287
196 2943 4387
197 536 1024
197 881 7891
197 1393 6524
197 2186 2644
197 2944 7235
197 2945 6353
198 537 3204
198 887 2129
198 1394 3656
198 2200 1101
198 2946 7331
198 2947 5301
199 538 2424
199 893 7066
199 1395 9794
199 2214 1371
199 2948 8314
199 2949 6875
200 539 1566
200 936 5743
200 1396 6199
200 2317 1551
200 2950 5085
200 2951 6286
201 540 1611
201 966 7629
201 1397 2892
201 2407 6244
201 2952 6182
201 2953 4275
202 541 1531
202 995 9983
202 1398 5562
202 2496 1906
202 2954 1383
202 2955 4637
203 542 3706
203 997 6452
203 1399 6419
203 2502 8521
203 2956 8168
203 2957 5653
204 543 8381
204 999 4816
204 1400 5878
204 2508 5555
204 2958 8301
204 2959 1719
205 544 2813
205 1001 2119
205 1401 6985
205 2514 8856
205 2960 3147
205 2961 3878
206 545 3605
206 1003 3647
206 1402 3894
206 2520 3311
206 2962 3700
206 2963 8887
207 546 1338
207 1005 1521
207 1403 5292
207 2526 5841
207 2964 4514
207 2965 4729
208 547 1908
208 1007 4006
208 1404 1822
208 2532 6072
208 2966 2275
208 2967 5040
209 548 7127
209 1009 1047
209 1405 2497
209 2538 8410
209 2968 6774
209 2969 4027
210 549 4158
210 1011 5431
210 1406 7662
210 2544 9047
210 2970 2713
210 2971 6744
211 550 8876
211 1013 8109
211 1407 1861
211 2550 8248
211 2972 2047
211 2973 5661
212 551 9334
212 1015 3141
212 1408 1141
212 2556 5206
212 2974 1197
212 2975 1365
213 552 2772
213 1017 7677
213 1409 6754
213 2562 2532
213 2976 3096
213 2977 8806
214 553 1275
214 1019 3496
214 1410 2893
214 2568 1016
214 2978 6148
214 2979 2276
215 554 8847
215 1021 5076
215 1411 3964
215 2574 5550
215 2980 9850
215 2981 9534
216 571 5344
216 680 5734
216 1492 5207
216 1729 8836
216 2982 9655
216 2983 9164
217 572 4468
217 722 6479
217 1493 6883
217 1819 1951
217 2984 2163
217 2985 4075
218 573 2917
218 786 4956
218 1494 7854
218 1963 3969
218 2986 9892
218 2987 5534
219 574 4682
219 828 8024
219 1495 7422
219 2061 3789
219 2988 4595
219 2989 4229
220 575 3351
220 899 9207
220 1496 6008
220 2228 1080
220 2990 6233
220 2991 8997
221 576 7638
221 905 6327
221 1497 6397
221 2242 5964
221 2992 6992
221 2993 2064
222 577 1875
222 938 4271
222 1498 4880
222 2323 3585
222 2994 5591
222 2995 1588
223 578 7347
223 968 7311
223 1499 9864
223 2413 2054
223 2996 3538
223 2997 7130
224 579 1570
224 1023 1501
224 1500 9693
224 2580 1407
224 2998 2546
224 2999 5321
225 580 3144
225 1025 9030
225 1501 3799
225 2586 7180
225 3000 6848
225 3001 1270
226 581 3565
226 1027 6527
226 1502 8543
226 2592 3853
226 3002 9584
226 3003 6443
227 582 6487
227 1029 5378
227 1503 2365
227 2598 4658
227 3004 1289
227 3005 8629
228 583 2156
228 1031 7896
228 1504 1109
228 2604 3197
228 3006 5342
228 3007 6093
229 584 9468
229 1033 3354
229 1505 3200
229 2610 3438
229 3008 4908
229 3009 9622
230 601 3895
230 694 8426
230 1554 3455
230 1759 9355
230 3010 3787
230 3011 3612
231 602 6034
231 750 6729
231 1555 9287
231 1879 1313
231 3012 3044
231 3013 8327
232 603 2534
232 792 9875
232 1556 9560
232 1977 9667
232 3014 7184
232 3015 3539
233 604 4045
233 864 6440
233 1557 7931
233 2145 2204
233 3016 8734
233 3017 9492
234 605 2544
234 911 2790
234 1558 6987
234 2256 1055
234 3018 7013
234 3019 9710
235 606 4531
235 917 7092
235 1559 3656
235 2270 3743
235 3020 3037
235 3021 2332
236 607 8635
236 940 9149
236 1560 9426
236 2329 8021
236 3022 4814
236 3023 6403
237 608 6909
237 996 2818
237 1561 2284
237 2497 5208
237 3024 4793
237 3025 5342
238 609 2995
238 1035 7034
238 1562 1991
238 2616 1364
238 3026 1877
238 3027 1775
239 610 1482
239 1037 9780
239 1563 7919
239 2622 9236
239 3028 9997
239 3029 7957
240 611 4700
240 1039 2638
240 1564 7364
240 2628 1721
240 3030 1935
240 3031 2025
241 612 4493
241 1041 2344
241 1565 8368
241 2634 7818
241 3032 7277
241 3033 3163
242 613 5315
242 1043 1409
242 1566 9685
242 2640 5287
242 3034 5264
242 3035 4706
243 614 6196
243 1045 7377
243 1567 5456
243 2646 4720
243 3036 6792
243 3037 6010
244 631 3136
244 736 5271
244 1616 1753
244 1849 1052
244 3038 4974
244 3039 8945
245 632 6804
245 764 1132
245 1617 2620
245 1909 5595
245 3040 9071
245 3041 4235
246 633 3630
246 834 2235
246 1618 6112
246 2075 1688
246 3042 6442
246 3043 7281
247 634 5360
247 870 7462
247 1619 5896
247 2159 8986
247 3044 5643
247 3045 4786
248 635 8934
248 923 5990
248 1620 1535
248 2284 1443
248 3046 6126
248 3047 2743
249 636 8763
249 929 7761
249 1621 1407
249 2298 1699
249 3048 1140
249 3049 1985
250 637 3023
250 970 6101
250 1622 4409
250 2419 2592
250 3050 9235
250 3051 2834
251 638 6401
251 998 7226
251 1623 7683
251 2503 3107
251 3052 5505
251 3053 9435
252 639 9001
252 1047 2854
252 1624 5585
252 2652 2043
252 3054 8573
252 3055 5204
253 640 6031
253 1049 6066
253 1625 2417
253 2658 9080
253 3056 5083
253 3057 9062
254 641 7778
254 1051 4494
254 1626 7966
254 2664 4975
254 3058 7484
254 3059 5897
255 642 5175
255 1053 1154
255 1627 9114
255 2670 7756
255 3060 1089
255 3061 4841
256 643 9295
256 1055 1867
256 1628 2391
256 2676 5956
256 3062 3615
256 3063 4175
257 644 1562
257 1057 8552
257 1629 4401
257 2682 3977
257 3064 3603
257 3065 4078
258 653 6758
258 798 6942
258 1670 7566
258 1991 5414
258 3066 2991
258 3067 9699
259 654 9344
259 840 1888
259 1671 4671
259 2089 2082
259 3068 6151
259 3069 3158
260 655 7699
260 942 8523
260 1672 4908
260 2335 8344
260 3070 9687
260 3071 1111
261 656 4955
261 972 7154
261 1673 9288
261 2425 4129
261 3072 3274
261 3073 3725
262 657 4387
262 1059 9150
262 1674 8559
262 2688 6856
262 3074 9155
262 3075 6445
263 658 7711
263 1061 9078
263 1675 5107
263 2694 8709
263 3076 5225
263 3077 8438
264 667 3651
264 804 5276
264 1700 2019
264 2005 8816
264 3078 7854
264 3079 7929
265 668 6456
265 876 8319
265 1701 4844
265 2173 8548
265 3080 2655
265 3081 3838
266 669 4575
266 944 5106
266 1702 5178
266 2341 7682
266 3082 1306
266 3083 6106
267 670 9117
267 1000 9289
267 1703 9599
267 2509 8796
267 3084 6148
267 3085 1618
268 671 7642
268 1063 8634
268 1704 8587
268 2700 9789
268 3086 6721
268 3087 2768
269 672 6060
269 1065 6296
269 1705 7321
269 2706 1586
269 3088 6108
269 3089 9174
270 681 1342
270 810 9554
270 1730 4731
270 2019 1933
270 3090 7249
270 3091 9685
271 682 5206
271 900 8092
271 1731 6061
271 2229 9541
271 3092 8578
271 3093 4070
272 683 7315
272 946 6400
272 1732 5917
272 2347 5765
272 3094 4180
272 3095 2459
273 684 7627
273 1024 8358
273 1733 9232
273 2581 1656
273 3096 6920
273 3097 9105
274 685 6797
274 1067 4289
274 1734 2853
274 2712 5934
274 3098 3293
274 3099 8224
275 686 8359
275 1069 8232
275 1735 9299
275 2718 8839
275 3100 7670
275 3101 3473
276 695 6500
276 816 3726
276 1760 7748
276 2033 3888
276 3102 3698
276 3103 6608
277 696 1791
277 912 3925
277 1761 3990
277 2257 9996
277 3104 8059
277 3105 9506
278 697 1015
278 948 9750
278 1762 2754
278 2353 7059
278 3106 1186
278 3107 8107
279 698 8797
279 1036 2686
279 1763 9677
279 2617 6962
279 3108 2300
279 3109 1258
280 699 4072
280 1071 5731
280 1764 2823
280 2724 8039
280 3110 2413
280 3111 9577
281 700 7903
281 1073 1437
281 1765 5921
281 2730 6444
281 3112 1412
281 3113 3663
282 709 7597
282 846 7038
282 1790 7583
282 2103 8098
282 3114 2420
282 3115 6274
283 710 8251
283 882 1844
283 1791 1088
283 2187 9826
283 3116 3603
283 3117 6060
284 711 5879
284 974 9694
284 1792 1040
284 2431 7830
284 3118 1062
284 3119 8993
285 712 1760
285 1002 6554
285 1793 9938
285 2515 5368
285 3120 7685
285 3121 2873
286 713 3070
286 1075 7456
286 1794 9173
286 2736 9087
286 3122 5616
286 3123 1891
287 714 5071
287 1077 7094
287 1795 7461
287 2742 6820
287 3124 4573
287 3125 9221
288 723 5141
288 852 8985
288 1820 5564
288 2117 6645
288 3126 5458
288 3127 5100
289 724 8202
289 906 1354
289 1821 4861
289 2243 5586
289 3128 5365
289 3129 4227
290 725 1186
290 976 8098
290 1822 8896
290 2437 4641
290 3130 9016
290 3131 1349
291 726 7591
291 1026 7946
291 1823 6481
291 2587 8948
291 3132 2416
291 3133 3690
292 727 9162
292 1079 3315
292 1824 2276
292 2748 8668
292 3134 9819
292 3135 8056
293 728 7635
293 1081 7617
293 1825 3891
293 2754 1554
293 3136 1965
293 3137 1736
294 737 1330
294 858 9415
294 1850 5853
294 2131 8148
294 3138 9165
294 3139 9008
295 738 7885
295 924 3691
295 1851 5731
295 2285 6419
295 3140 2884
295 3141 1212
296 739 7844
296 978 9390
296 1852 2867
296 2443 3724
296 3142 1263
296 3143 1694
297 740 5736
297 1048 6853
297 1853 3168
297 2653 3408
297 3144 6788
297 3145 9514
298 741 1731
298 1083 4858
298 1854 1264
298 2760 8325
298 3146 1878
298 3147 8761
299 742 2251
299 1085 1079
299 1855 4014
299 2766 4330
299 3148 3297
299 3149 3166
300 751 4686
300 888 4923
300 1880 8379
300 2201 6988
300 3150 9694
300 3151 6292
301 752 3338
301 918 5286
301 1881 4692
301 2271 9047
301 3152 5515
301 3153 7701
302 753 9001
302 1004 8127
302 1882 8181
302 2521 2809
302 3154 8709
302 3155 4260
303 754 3631
303 1038 1753
303 1883 4318
303 2623 5997
303 3156 8098
303 3157 2521
304 755 2785
304 1087 6390
304 1884 8949
304 2772 7000
304 3158 6359
304 3159 6380
305 756 9895
305 1089 1911
305 1885 8984
305 2778 3713
305 3160 3337
305 3161 4951
306 765 6478
306 894 6098
306 1910 7423
306 2215 7864
306 3162 7563
306 3163 2981
307 766 6465
307 930 1999
307 1911 7151
307 2299 5257
307 3164 8785
307 3165 3015
308 767 2395
308 1006 7453
308 1912 1682
308 2527 1372
308 3166 5203
308 3167 1918
309 768 6092
309 1050 8785
309 1913 3886
309 2659 1418
309 3168 7465
309 3169 3380
310 769 7358
310 1091 9233
310 1914 9266
310 2784 4593
310 3170 3580
310 3171 5741
311 770 6087
311 1093 6036
311 1915 2701
311 2790 2011
311 3172 6287
311 3173 4471
312 775 3908
312 950 2586
312 1936 5577
312 2359 7860
312 3174 6349
312 3175 5213
313 776 6999
313 980 3933
313 1937 5077
313 2449 8817
313 3176 1213
313 3177 7948
314 781 4735
314 952 4720
314 1950 9968
314 2365 1852
314 3178 9859
314 3179 1837
315 782 1832
315 1008 2443
315 1951 2971
315 2533 1124
315 3180 1281
315 3181 4168
316 787 5567
316 954 5875
316 1964 5759
316 2371 3905
316 3182 8801
316 3183 8116
317 788 6609
317 1028 8826
317 1965 1084
317 2593 5367
317 3184 9847
317 3185 6212
318 793 5100
318 956 9956
318 1978 2313
318 2377 5332
318 3186 4274
318 3187 6932
319 794 1324
319 1040 6800
319 1979 2257
319 2629 7620
319 3188 7407
319 3189 1879
320 799 6137
320 958 5408
320 1992 2331
320 2383 1721
320 3190 1897
320 3191 3813
321 800 8742
321 1060 6699
321 1993 4215
321 2689 2126
321 3192 6059
321 3193 8626
322 805 1439
322 960 3262
322 2006 1907
322 2389 3997
322 3194 1074
322 3195 8021
323 806 9552
323 1064 7566
323 2007 1802
323 2701 5913
323 3196 4536
323 3197 8721
324 811 3472
324 962 7009
324 2020 3626
324 2395 6117
324 3198 6053
324 3199 1439
325 812 9418
325 1068 6598
325 2021 5970
325 2713 7055
325 3200 5764
325 3201 8476
326 817 1602
326 964 2303
326 2034 4339
326 2401 6767
326 3202 6393
326 3203 2747
327 818 9576
327 1072 1125
327 2035 6648
327 2725 2583
327 3204 1409
327 3205 6792
328 823 4389
328 982 7598
328 2048 8578
328 2455 8566
328 3206 4845
328 3207 8172
329 824 8865
329 1010 8819
329 2049 4085
329 2539 5645
329 3208 1273
329 3209 2354
330 829 1918
330 984 1242
330 2062 1438
330 2461 7862
330 3210 6752
330 3211 1135
331 830 2320
331 1030 4608
331 2063 3592
331 2599 7856
331 3212 7473
331 3213 1550
332 835 6229
332 986 2477
332 2076 2293
332 2467 9505
332 3214 3158
332 3215 9798
333 836 4574
333 1052 7530
333 2077 8022
333 2665 6782
333 3216 5010
333 3217 6805
334 841 9111
334 988 3629
334 2090 3622
334 2473 7357
334 3218 6579
334 3219 1742
335 842 1850
335 1062 6582
335 2091 8500
335 2695 4185
335 3220 1412
335 3221 3363
336 847 1290
336 990 8670
336 2104 9777
336 2479 6451
336 3222 6950
336 3223 9187
337 848 9510
337 1076 7471
337 2105 1716
337 2737 1497
337 3224 7002
337 3225 4646
338 853 9452
338 992 5716
338 2118 9459
338 2485 4821
338 3226 7222
338 3227 6263
339 854 1421
339 1080 6295
339 2119 2068
339 2749 7416
339 3228 2359
339 3229 2336
340 859 9344
340 994 7996
340 2132 2617
340 2491 1921
340 3230 4687
340 3231 6522
341 860 2806
341 1084 6563
341 2133 6374
341 2761 3919
341 3232 8634
341 3233 5531
342 865 5794
342 1012 8562
342 2146 9901
342 2545 9501
342 3234 2248
342 3235 9618
343 866 4877
343 1042 3474
343 2147 3043
343 2635 8462
343 3236 9868
343 3237 9789
344 871 3086
344 1014 8718
344 2160 6560
344 2551 3247
344 3238 4730
344 3239 7535
345 872 4098
345 1054 5978
345 2161 9505
345 2671 1996
345 3240 7392
345 3241 5738
346 877 8017
346 1016 6408
346 2174 4394
346 2557 6114
346 3242 3363
346 3243 7332
347 878 3509
347 1066 1999
347 2175 8550
347 2707 9361
347 3244 8669
347 3245 1713
348 883 1878
348 1018 4960
348 2188 7983
348 2563 9368
348 3246 8450
348 3247 5446
349 884 2036
349 1078 6053
349 2189 1688
349 2743 3016
349 3248 6699
349 3249 1223
350 889 9979
350 1020 3038
350 2202 4068
350 2569 1297
350 3250 9486
350 3251 6955
351 890 8393
351 1088 2948
351 2203 1716
351 2773 6148
351 3252 5102
351 3253 9201
352 895 6445
352 1022 9601
352 2216 3666
352 2575 4737
352 3254 7511
352 3255 4591
353 896 1874
353 1092 5374
353 2217 8888
353 2785 3989
353 3256 7278
353 3257 7741
354 901 7080
354 1032 3981
354 2230 9499
354 2605 1484
354 3258 3416
354 3259 6602
355 902 4326
355 1070 4962
355 2231 4206
355 2719 7896
355 3260 7740
355 3261 8705
356 907 3076
356 1034 7441
356 2244 8526
356 2611 4802
356 3262 7614
356 3263 5570
357 908 2702
357 1082 9273
357 2245 7426
357 2755 4280
357 3264 2132
357 3265 7537
358 913 4647
358 1044 5105
358 2258 1686
358 2641 9308
358 3266 8679
358 3267 6742
359 914 6811
359 1074 4955
359 2259 1018
359 2731 5636
359 3268 2114
359 3269 7207
360 919 4228
360 1046 4235
360 2272 3388
360 2647 5923
360 3270 3952
360 3271 2200
361 920 3961
361 1090 1090
361 2273 5619
361 2779 3472
361 3272 2020
361 3273 7623
362 925 6061
362 1056 4338
362 2286 5803
362 2677 9615
362 3274 7576
362 3275 3178
363 926 5779
363 1086 1757
363 2287 8703
363 2767 4870
363 3276 8031
363 3277 5336
364 931 6305
364 1058 6534
364 2300 4279
364 2683 9465
364 3278 4179
364 3279 4347
365 932 7779
365 1094 8674
365 2301 3139
365 2791 9238
365 3280 9221
365 3281 4219
366 1159 5599
366 1286 4158
367 1160 2915
367 1412 6815
368 1161 7003
368 1506 3253
369 1162 7557
369 1568 2381
370 1163 8267
370 1676 8982
371 1164 8388
371 1706 7926
372 1165 7922
372 1736 2299
373 1166 9651
373 1766 4668
374 1167 8079
374 1938 2336
375 1168 5915
375 1952 3781
376 1169 3219
376 1966 7539
377 1170 7502
377 1980 6717
378 1171 9099
378 1994 1118
379 1172 4833
379 2008 2913
380 1173 6654
380 2022 9840
381 1174 1142
381 2036 6142
382 1175 6409
382 2312 4110
383 1176 3032
383 2318 6452
384 1177 2201
384 2324 5121
385 1178 4163
385 2330 9729
386 1179 4676
386 2336 9303
387 1180 1181
387 2342 4995
388 1181 6343
388 2348 7548
389 1182 2800
389 2354 6488
390 1183 8917
390 2360 4479
391 1184 4632
391 2366 2306
392 1185 2393
392 2372 1144
393 1186 7417
393 2378 3708
394 1187 4440
394 2384 4565
395 1188 3404
395 2390 5051
396 1189 9681
396 2396 2101
397 1190 1417
397 2402 8816
398 1191 9795
398 2796 5010
399 1192 8335
399 2798 5102
400 1193 8190
400 2800 8137
401 1194 8889
401 2802 7706
402 1195 5076
402 2804 1489
403 1196 9117
403 2806 2079
404 1197 6477
404 2808 9268
405 1198 4654
405 2810 6197
406 1199 1898
406 2812 3442
407 1200 8078
407 2814 3296
408 1201 4966
408 2816 5457
409 1202 5732
409 2818 1035
410 1203 3318
410 2820 4727
411 1204 9050
411 2822 5612
412 1205 7788
412 2824 8608
413 1206 2934
413 2826 6042
414 1207 5010
414 2828 2184
415 1208 1476
415 2830 3296
416 1209 5175
416 2832 7323
417 1210 1061
417 2834 5848
418 1211 2058
418 2836 8157
419 1212 7589
419 2838 8391
420 1213 9083
420 2840 5157
421 1214 3571
421 2842 7487
422 1215 1736
422 2844 1617
423 1216 5974
423 2846 8956
424 1217 2981
424 2848 6324
425 1218 2877
425 2850 1102
426 1219 2289
426 2852 2296
427 1220 8124
427 2854 4770
428 1221 9562
428 2856 3002
429 1222 7369
429 2858 4725
430 1287 1074
430 1413 2884
431 1288 5297
431 1507 5796
432 1289 6711
432 1630 8881
433 1290 2084
433 1677 1562
434 1291 2443
434 1796 9010
435 1292 1780
435 1826 1441
436 1293 1964
436 1856 2371
437 1294 6731
437 1939 2307
438 1295 8618
438 2050 3672
439 1296 2109
439 2064 3679
440 1297 4365
440 2078 1943
441 1298 5694
441 2092 5898
442 1299 1436
442 2106 9408
443 1300 7383
443 2120 4911
444 1301 1750
444 2134 7295
445 1302 5353
445 2313 6715
446 1303 8649
446 2408 7814
447 1304 5805
447 2414 9531
448 1305 1619
448 2420 6002
449 1306 1051
449 2426 4927
450 1307 6904
450 2432 8859
451 1308 1355
451 2438 3897
452 1309 6694
452 2444 2176
453 1310 2578
453 2450 5739
454 1311 3820
454 2456 2491
455 1312 2540
455 2462 6012
456 1313 5057
456 2468 4131
457 1314 1298
457 2474 9165
458 1315 7665
458 2480 4323
459 1316 8098
459 2486 7554
460 1317 9365
460 2492 4469
461 1318 6599
461 2797 8628
462 1319 3946
462 2860 4967
463 1320 6094
463 2862 5125
464 1321 8188
464 2864 5359
465 1322 2327
465 2866 2736
466 1323 2301
466 2868 4243
467 1324 4869
467 2870 5310
468 1325 5775
468 2872 4349
469 1326 6393
469 2874 6528
470 1327 1903
470 2876 3222
471 1328 2030
471 2878 3781
472 1329 7688
472 2880 7011
473 1330 9549
473 2882 4721
474 1331 3706
474 2884 5693
475 1332 5595
475 2886 6023
476 1333 5361
476 2888 1234
477 1334 3320
477 2890 4068
478 1335 5204
478 2892 8680
479 1336 7324
479 2894 8683
480 1337 2545
480 2896 1713
481 1338 6283
481 2898 4163
482 1339 9948
482 2900 8816
483 1340 3657
483 2902 2628
484 1341 8631
484 2904 4404
485 1342 7702
485 2906 4592
486 1343 3137
486 2908 5598
487 1344 6915
487 2910 7401
488 1345 9514
488 2912 1459
489 1346 6264
489 2914 5409
490 1347 2392
490 2916 4259
491 1348 1445
491 2918 6597
492 1349 8381
492 2920 8758
493 1414 1944
493 1569 2672
494 1415 5174
494 1631 5322
495 1416 6570
495 1707 9756
496 1417 5967
496 1797 6117
497 1418 2650
497 1886 8956
498 1419 9844
498 1916 1842
499 1420 6000
499 1953 5092
500 1421 7124
500 2051 9639
501 1422 7556
501 2148 9189
502 1423 7649
502 2162 9963
503 1424 1930
503 2176 6179
504 1425 5766
504 2190 9505
505 1426 2340
505 2204 8949
506 1427 2179
506 2218 4736
507 1428 2824
507 2319 3117
508 1429 5958
508 2409 4065
509 1430 5235
509 2498 7810
510 1431 3078
510 2504 1467
511 1432 4227
511 2510 2227
512 1433 2823
512 2516 6607
513 1434 9783
513 2522 1529
514 1435 3884
514 2528 5885
515 1436 9351
515 2534 8507
516 1437 3599
516 2540 8505
517 1438 4612
517 2546 4762
518 1439 4736
518 2552 9082
519 1440 8708
519 2558 2523
520 1441 9195
520 2564 8968
521 1442 3733
521 2570 2439
522 1443 7074
522 2576 8416
523 1444 5573
523 2799 1099
524 1445 9705
524 2861 7162
525 1446 1758
525 2922 9652
526 1447 1246
526 2924 5709
527 1448 6699
527 2926 3222
528 1449 7248
528 2928 9628
529 1450 7481
529 2930 4025
530 1451 7214
530 2932 8154
531 1452 4460
531 2934 2596
532 1453 3513
532 2936 9131
533 1454 6500
533 2938 6047
534 1455 1220
534 2940 5754
535 1456 3984
535 2942 1153
536 1457 4915
536 2944 2882
537 1458 4702
537 2946 7399
538 1459 7684
538 2948 9763
539 1460 1169
539 2950 5972
540 1461 8943
540 2952 7730
541 1462 7241
541 2954 3158
542 1463 3840
542 2956 9091
543 1464 7684
543 2958 7311
544 1465 2147
544 2960 4009
545 1466 9153
545 2962 2477
546 1467 4626
546 2964 7464
547 1468 4129
547 2966 2800
548 1469 1315
548 2968 8016
549 1470 4944
549 2970 3385
550 1471 6398
550 2972 7531
551 1472 6976
551 2974 2229
552 1473 3221
552 2976 7760
553 1474 8696
553 2978 4166
554 1475 7685
554 2980 6282
555 1508 7803
555 1737 6761
556 1509 3912
556 1827 9624
557 1510 4298
557 1967 5253
558 1511 4961
558 2065 1581
559 1512 9501
559 2232 1272
560 1513 8953
560 2246 3587
561 1514 6752
561 2325 7105
562 1515 4525
562 2415 4744
563 1516 1821
563 2582 7866
564 1517 1575
564 2588 9336
565 1518 7666
565 2594 1171
566 1519 2213
566 2600 9730
567 1520 9903
567 2606 2218
568 1521 6648
568 2612 6467
569 1522 7036
569 2801 3213
570 1523 6641
570 2863 7533
571 1524 7607
571 2982 6775
572 1525 1379
572 2984 4097
573 1526 1070
573 2986 5546
574 1527 5871
574 2988 3190
575 1528 4225
575 2990 3422
576 1529 9749
576 2992 4097
577 1530 4902
577 2994 1392
578 1531 2378
578 2996 4574
579 1532 3337
579 2998 7521
580 1533 2584
580 3000 8727
581 1534 5861
581 3002 5179
582 1535 3572
582 3004 9766
583 1536 7736
583 3006 3528
584 1537 4817
584 3008 4399
585 1570 1192
585 1767 1688
586 1571 6401
586 1887 4402
587 1572 4309
587 1981 9674
588 1573 2285
588 2149 1979
589 1574 9392
589 2260 7597
590 1575 2341
590 2274 5648
591 1576 4040
591 2331 8366
592 1577 6137
592 2499 8885
593 1578 3983
593 2618 9731
594 1579 4651
594 2624 2768
595 1580 9450
595 2630 3744
596 1581 1906
596 2636 1911
597 1582 8567
597 2642 5246
598 1583 4376
598 2648 4356
599 1584 2537
599 2803 6011
600 1585 8796
600 2923 7842
601 1586 5815
601 3010 3944
602 1587 2059
602 3012 9327
603 1588 6427
603 3014 7548
604 1589 8235
604 3016 2960
605 1590 8018
605 3018 7376
606 1591 5746
606 3020 4792
607 1592 8400
607 3022 9655
608 1593 2964
608 3024 7025
609 1594 7491
609 3026 8585
610 1595 5922
610 3028 6465
611 1596 7782
611 3030 1011
612 1597 9170
612 3032 5372
613 1598 5117
613 3034 4830
614 1599 5967
614 3036 4072
615 1632 8591
615 1857 1040
616 1633 4670
616 1917 5021
617 1634 1658
617 2079 6511
618 1635 2282
618 2163 4858
619 1636 4809
619 2288 8437
620 1637 9473
620 2302 2826
621 1638 8488
621 2421 8678
622 1639 7340
622 2505 6877
623 1640 4762
623 2654 2609
624 1641 8508
624 2660 7604
625 1642 9798
625 2666 1035
626 1643 2676
626 2672 6323
627 1644 1395
627 2678 7490
628 1645 9004
628 2684 8726
629 1646 3804
629 2865 2747
630 1647 1100
630 2925 9467
631 1648 1253
631 3038 9967
632 1649 8232
632 3040 2212
633 1650 1657
633 3042 9919
634 1651 6392
634 3044 2971
635 1652 9989
635 3046 8383
636 1653 5101
636 3048 5276
637 1654 2115
637 3050 4125
638 1655 9759
638 3052 3074
639 1656 2789
639 3054 2760
640 1657 8703
640 3056 2323
641 1658 4823
641 3058 5376
642 1659 4439
642 3060 8547
643 1660 8080
643 3062 4799
644 1661 7574
644 3064 9522
645 1678 7904
645 1995 7810
646 1679 3861
646 2093 4672
647 1680 7442
647 2337 7958
648 1681 9751
648 2427 8158
649 1682 1859
649 2690 1000
650 1683 4454
650 2696 9931
651 1684 6259
651 2805 6864
652 1685 4853
652 2867 3121
653 1686 4064
653 3066 3306
654 1687 6790
654 3068 1203
655 1688 7430
655 3070 9500
656 1689 7538
656 3072 6922
657 1690 5000
657 3074 7189
658 1691 9703
658 3076 1247
659 1708 1182
659 2009 1418
660 1709 9208
660 2177 2432
661 1710 7324
661 2343 9410
662 1711 9646
662 2511 5537
663 1712 6927
663 2702 7649
664 1713 4424
664 2708 2503
665 1714 5039
665 2807 7106
666 1715 2175
666 2927 3770
667 1716 3687
667 3078 4428
668 1717 3871
668 3080 4123
669 1718 6786
669 3082 4822
670 1719 2208
670 3084 7969
671 1720 3049
671 3086 6628
672 1721 9912
672 3088 8566
673 1738 4731
673 2023 5234
674 1739 3583
674 2233 8860
675 1740 6918
675 2349 8049
676 1741 3537
676 2583 8171
677 1742 1153
677 2714 9186
678 1743 3839
678 2720 7719
679 1744 8121
679 2809 9311
680 1745 9790
680 2983 9998
681 1746 4048
681 3090 7154
682 1747 2999
682 3092 4285
683 1748 7513
683 3094 6323
684 1749 1445
684 3096 9013
685 1750 7186
685 3098 8653
686 1751 6981
686 3100 7626
687 1768 7958
687 2037 6623
688 1769 1057
688 2261 4288
689 1770 2535
689 2355 4021
690 1771 1669
690 2619 5179
691 1772 6918
691 2726 5275
692 1773 3469
692 2732 5036
693 1774 9837
693 2811 7171
694 1775 8110
694 3011 2028
695 1776 4677
695 3102 5674
696 1777 9249
696 3104 7256
697 1778 6116
697 3106 5380
698 1779 7317
698 3108 4700
699 1780 3554
699 3110 4719
700 1781 3392
700 3112 4321
701 1798 7452
701 2107 6824
702 1799 5111
702 2191 7090
703 1800 5691
703 2433 8794
704 1801 6584
704 2517 8083
705 1802 9794
705 2738 3658
706 1803 9376
706 2744 1040
707 1804 6654
707 2869 2522
708 1805 7243
708 2929 8365
709 1806 1171
709 3114 6629
710 1807 6075
710 3116 7488
711 1808 6887
711 3118 5430
712 1809 5688
712 3120 6085
713 1810 8475
713 3122 7397
714 1811 5976
714 3124 6628
715 1828 3254
715 2121 9505
716 1829 6383
716 2247 5027
717 1830 8860
717 2439 9940
718 1831 4789
718 2589 2430
719 1832 5770
719 2750 7564
720 1833 5152
720 2756 2117
721 1834 4643
721 2871 6050
722 1835 4335
722 2985 2272
723 1836 3179
723 3126 2718
724 1837 6687
724 3128 3111
725 1838 5267
725 3130 3798
726 1839 4106
726 3132 1739
727 1840 2240
727 3134 8269
728 1841 8837
728 3136 4121
729 1858 9451
729 2135 3112
730 1859 5073
730 2289 3190
731 1860 2285
731 2445 8148
732 1861 4694
732 2655 3154
733 1862 9817
733 2762 2286
734 1863 2606
734 2768 9760
735 1864 3274
735 2873 2822
736 1865 8840
736 3039 9114
737 1866 5473
737 3138 2122
738 1867 9712
738 3140 6902
739 1868 9662
739 3142 1779
740 1869 5492
740 3144 3680
741 1870 4074
741 3146 8983
742 1871 8548
742 3148 3568
743 1888 5890
743 2205 4429
744 1889 8294
744 2275 4590
745 1890 6853
745 2523 3401
746 1891 7213
746 2625 8800
747 1892 5341
747 2774 3608
748 1893 6104
748 2780 1454
749 1894 8446
749 2931 4105
750 1895 6095
750 3013 6738
751 1896 7361
751 3150 4029
752 1897 4918
752 3152 5683
753 1898 9114
753 3154 5985
754 1899 1992
754 3156 1514
755 1900 7132
755 3158 7031
756 1901 1020
756 3160 7878
757 1918 3649
757 2219 2094
758 1919 8621
758 2303 5802
759 1920 3949
759 2529 8168
760 1921 5456
760 2661 2183
761 1922 7093
761 2786 4501
762 1923 9931
762 2792 8491
763 1924 9602
763 2933 9320
764 1925 6526
764 3041 4474
765 1926 7270
765 3162 7232
766 1927 2091
766 3164 9260
767 1928 4808
767 3166 1196
768 1929 9417
768 3168 5352
769 1930 1084
769 3170 2661
770 1931 2299
770 3172 3374
771 1940 6535
771 2361 4483
772 1941 7523
772 2451 9162
773 1942 3055
773 2813 1264
774 1943 2382
774 2875 2303
775 1944 5827
775 3174 8132
776 1945 9642
776 3176 1223
777 1954 6808
777 2367 8025
778 1955 6514
778 2535 7495
779 1956 1727
779 2815 3599
780 1957 4469
780 2935 3548
781 1958 7983
781 3178 8978
782 1959 9841
782 3180 6512
783 1968 9789
783 2373 9313
784 1969 8967
784 2595 8533
785 1970 3457
785 2817 5367
786 1971 2070
786 2987 1169
787 1972 1045
787 3182 8248
788 1973 9917
788 3184 5559
789 1982 2692
789 2379 3527
790 1983 3418
790 2631 1468
791 1984 3757
791 2819 9709
792 1985 4044
792 3015 4589
793 1986 4508
793 3186 1148
794 1987 9325
794 3188 1443
795 1996 3552
795 2385 9991
796 1997 3383
796 2691 8578
797 1998 1055
797 2821 5167
798 1999 4329
798 3067 4696
799 2000 1381
799 3190 8798
800 2001 1693
800 3192 2213
801 2010 2363
801 2391 4662
802 2011 1770
802 2703 7115
803 2012 6102
803 2823 5640
804 2013 1535
804 3079 6820
805 2014 3486
805 3194 8664
806 2015 5217
806 3196 9656
807 2024 7968
807 2397 5922
808 2025 3187
808 2715 6173
809 2026 7244
809 2825 5943
810 2027 1254
810 3091 9097
811 2028 7360
811 3198 1354
812 2029 7388
812 3200 8279
813 2038 8026
813 2403 5173
814 2039 3357
814 2727 9003
815 2040 3235
815 2827 8253
816 2041 5668
816 3103 7368
817 2042 7756
817 3202 2895
818 2043 1126
818 3204 8754
819 2052 4406
819 2457 1885
820 2053 4261
820 2541 1789
821 2054 8044
821 2877 2562
822 2055 4136
822 2937 6059
823 2056 7968
823 3206 8808
824 2057 4360
824 3208 9889
825 2066 2855
825 2463 7814
826 2067 3148
826 2601 5744
827 2068 8234
827 2879 5502
828 2069 7658
828 2989 8704
829 2070 9945
829 3210 7114
830 2071 7076
830 3212 9432
831 2080 1991
831 2469 6874
832 2081 2182
832 2667 7884
833 2082 2507
833 2881 4182
834 2083 7515
834 3043 9515
835 2084 4992
835 3214 7917
836 2085 6398
836 3216 8124
837 2094 9818
837 2475 8472
838 2095 9538
838 2697 8191
839 2096 9032
839 2883 7641
840 2097 5630
840 3069 4187
841 2098 9603
841 3218 5444
842 2099 3034
842 3220 9740
843 2108 6333
843 2481 2690
844 2109 6146
844 2739 3944
845 2110 8849
845 2885 6094
846 2111 2054
846 3115 5265
847 2112 7574
847 3222 3032
848 2113 1473
848 3224 3338
849 2122 6035
849 2487 1456
850 2123 8861
850 2751 1379
851 2124 6241
851 2887 5441
852 2125 3865
852 3127 2217
853 2126 6944
853 3226 8448
854 2127 1045
854 3228 5701
855 2136 5912
855 2493 7697
856 2137 4411
856 2763 6724
857 2138 7137
857 2889 1963
858 2139 7601
858 3139 7016
859 2140 8752
859 3230 5082
860 2141 4930
860 3232 3466
861 2150 1342
861 2547 4672
862 2151 4643
862 2637 3989
863 2152 8179
863 2939 7120
864 2153 2909
864 3017 2463
865 2154 5394
865 3234 7101
866 2155 8984
866 3236 7089
867 2164 1603
867 2553 2998
868 2165 9810
868 2673 6569
869 2166 2169
869 2941 5831
870 2167 8927
870 3045 4717
871 2168 8004
871 3238 4783
872 2169 9111
872 3240 7204
873 2178 1025
873 2559 1881
874 2179 3127
874 2709 5633
875 2180 5587
875 2943 3204
876 2181 8022
876 3081 2654
877 2182 1856
877 3242 8032
878 2183 1486
878 3244 3848
879 2192 3788
879 2565 4936
880 2193 7285
880 2745 8456
881 2194 1140
881 2945 8565
882 2195 9083
882 3117 3296
883 2196 4983
883 3246 2208
884 2197 6270
884 3248 2247
885 2206 2833
885 2571 7526
886 2207 7753
886 2775 9293
887 2208 9895
887 2947 3923
888 2209 3197
888 3151 6439
889 2210 3431
889 3250 6071
890 2211 8199
890 3252 8348
891 2220 2883
891 2577 3829
892 2221 5364
892 2787 2023
893 2222 2836
893 2949 2084
894 2223 9576
894 3163 3299
895 2224 9261
895 3254 1641
896 2225 8239
896 3256 3669
897 2234 4283
897 2607 6740
898 2235 5410
898 2721 4795
899 2236 5112
899 2991 5364
900 2237 6508
900 3093 2705
901 2238 7183
901 3258 3251
902 2239 3826
902 3260 9377
903 2248 1807
903 2613 7443
904 2249 6571
904 2757 2541
905 2250 8466
905 2993 6033
906 2251 7674
906 3129 8154
907 2252 5314
907 3262 9885
908 2253 9570
908 3264 5946
909 2262 5638
909 2643 5375
910 2263 4946
910 2733 1311
911 2264 3122
911 3019 6384
912 2265 4058
912 3105 8539
913 2266 5683
913 3266 2173
914 2267 8879
914 3268 9525
915 2276 5131
915 2649 9984
916 2277 4900
916 2781 4965
917 2278 6932
917 3021 8937
918 2279 8134
918 3153 2570
919 2280 6470
919 3270 5112
920 2281 3919
920 3272 8845
921 2290 9410
921 2679 6743
922 2291 4849
922 2769 8632
923 2292 4353
923 3047 1327
924 2293 9789
924 3141 9094
925 2294 2200
925 3274 6261
926 2295 4660
926 3276 1155
927 2304 8164
927 2685 8701
928 2305 5336
928 2793 7437
929 2306 5891
929 3049 1854
930 2307 1668
930 3165 7133
931 2308 7034
931 3278 1780
932 2309 1931
932 3280 9039
933 2314 1124
933 2829 9370
934 2315 1478
934 2891 1897
935 2320 8031
935 2831 3485
936 2321 1373
936 2951 6824
937 2326 7213
937 2833 6832
938 2327 7605
938 2995 2320
939 2332 5189
939 2835 4884
940 2333 8923
940 3023 1980
941 2338 7084
941 2837 9082
942 2339 1572
942 3071 2923
943 2344 1917
943 2839 1415
944 2345 6263
944 3083 4281
945 2350 6464
945 2841 3421
946 2351 5993
946 3095 4677
947 2356 3012
947 2843 9627
948 2357 6112
948 3107 7095
949 2362 8231
949 2845 8652
950 2363 4637
950 3175 1109
951 2368 1280
951 2847 8466
952 2369 5392
952 3179 4816
953 2374 2074
953 2849 4762
954 2375 8379
954 3183 3724
955 2380 9221
955 2851 1431
956 2381 3011
956 3187 9447
957 2386 8326
957 2853 8423
958 2387 4327
958 3191 2487
959 2392 8514
959 2855 8645
960 2393 8534
960 3195 6375
961 2398 8985
961 2857 7037
962 2399 9901
962 3199 8612
963 2404 2234
963 2859 4375
964 2405 4906
964 3203 5344
965 2410 9716
965 2893 4742
966 2411 6311
966 2953 5016
967 2416 5157
967 2895 3629
968 2417 5891
968 2997 7726
969 2422 8140
969 2897 2418
970 2423 5710
970 3051 8245
971 2428 3425
971 2899 1479
972 2429 9270
972 3073 1090
973 2434 7132
973 2901 5281
974 2435 8512
974 3119 7079
975 2440 9628
975 2903 9840
976 2441 7097
976 3131 4218
977 2446 1191
977 2905 9710
978 2447 9626
978 3143 1996
979 2452 4523
979 2907 3201
980 2453 5412
980 3177 9454
981 2458 9588
981 2909 5070
982 2459 8426
982 3207 4174
983 2464 5810
983 2911 3705
984 2465 2530
984 3211 8099
985 2470 6253
985 2913 3887
986 2471 3322
986 3215 6409
987 2476 8118
987 2915 5931
988 2477 2131
988 3219 3700
989 2482 2176
989 2917 7854
990 2483 9338
990 3223 6336
991 2488 2120
991 2919 5034
992 2489 5181
992 3227 4183
993 2494 3581
993 2921 4365
994 2495 9121
994 3231 9623
995 2500 1481
995 2955 6294
996 2501 5282
996 3025 7614
997 2506 7847
997 2957 7234
998 2507 6888
998 3053 7552
999 2512 3189
999 2959 7670
1000 2513 8052
1000 3085 7375
1001 2518 8155
1001 2961 6497
1002 2519 6168
1002 3121 8595
1003 2524 9938
1003 2963 1308
1004 2525 7220
1004 3155 8835
1005 2530 4664
1005 2965 5565
1006 2531 2728
1006 3167 9876
1007 2536 1488
1007 2967 1619
1008 2537 2073
1008 3181 5919
1009 2542 6449
1009 2969 8860
1010 2543 9596
1010 3209 7909
1011 2548 6176
1011 2971 5461
1012 2549 6247
1012 3235 4629
1013 2554 5135
1013 2973 2950
1014 2555 5077
1014 3239 9768
1015 2560 5743
1015 2975 3727
1016 2561 8123
1016 3243 9542
1017 2566 5663
1017 2977 7510
1018 2567 8122
1018 3247 2644
1019 2572 8966
1019 2979 8361
1020 2573 9209
1020 3251 9213
1021 2578 3399
1021 2981 5215
1022 2579 4616
1022 3255 8856
1023 2584 3173
1023 2999 8004
1024 2585 5065
1024 3097 7175
1025 2590 1308
1025 3001 6403
1026 2591 9959
1026 3133 1589
1027 2596 7507
1027 3003 2259
1028 2597 3790
1028 3185 7547
1029 2602 8237
1029 3005 5139
1030 2603 4793
1030 3213 5955
1031 2608 3948
1031 3007 8795
1032 2609 9900
1032 3259 3664
1033 2614 2550
1033 3009 4469
1034 2615 9383
1034 3263 5676
1035 2620 1030
1035 3027 2223
1036 2621 6537
1036 3109 4227
1037 2626 3579
1037 3029 6218
1038 2627 7344
1038 3157 2790
1039 2632 2461
1039 3031 3582
1040 2633 1815
1040 3189 2782
1041 2638 2019
1041 3033 6013
1042 2639 2823
1042 3237 9442
1043 2644 2978
1043 3035 7277
1044 2645 6407
1044 3267 3548
1045 2650 3273
1045 3037 2653
1046 2651 6685
1046 3271 5086
1047 2656 3618
1047 3055 4522
1048 2657 2084
1048 3145 8744
1049 2662 5659
1049 3057 3356
1050 2663 2274
1050 3169 9153
1051 2668 7407
1051 3059 3060
1052 2669 5927
1052 3217 6904
1053 2674 6723
1053 3061 4667
1054 2675 5794
1054 3241 8651
1055 2680 7570
1055 3063 6156
1056 2681 6502
1056 3275 1142
1057 2686 3128
1057 3065 2513
1058 2687 6516
1058 3279 6613
1059 2692 2247
1059 3075 4685
1060 2693 1044
1060 3193 9177
1061 2698 2268
1061 3077 8399
1062 2699 5250
1062 3221 7611
1063 2704 3043
1063 3087 6902
1064 2705 3198
1064 3197 8708
1065 2710 2081
1065 3089 2155
1066 2711 5790
1066 3245 1221
1067 2716 5430
1067 3099 4515
1068 2717 6042
1068 3201 3281
1069 2722 9213
1069 3101 5180
1070 2723 8773
1070 3261 9375
1071 2728 9985
1071 3111 8337
1072 2729 8084
1072 3205 4147
1073 2734 7258
1073 3113 3192
1074 2735 7779
1074 3269 7854
1075 2740 1199
1075 3123 1032
1076 2741 9355
1076 3225 7549
1077 2746 6528
1077 3125 7593
1078 2747 9708
1078 3249 3283
1079 2752 1704
1079 3135 7689
1080 2753 4457
1080 3229 7687
1081 2758 5583
1081 3137 2790
1082 2759 8396
1082 3265 2158
1083 2764 8828
1083 3147 6922
1084 2765 5027
1084 3233 7427
1085 2770 5587
1085 3149 8946
1086 2771 7473
1086 3277 1897
1087 2776 8251
1087 3159 2462
1088 2777 3915
1088 3253 8399
1089 2782 5767
1089 3161 6648
1090 2783 1997
1090 3273 4310
1091 2788 3753
1091 3171 4619
1092 2789 5981
1092 3257 2582
1093 2794 9386
1093 3173 7698
1094 2795 9178
1094 3281 9084
