452
1481
3137
483
1609
995
2789
3117
585
544
1512
304
533
1653
130
488
116
2613
143
658
2014
2396
2970
2390
2301
741
1386
1
2109
1883
1077
2338
1908
369
1676
188
706
2809
2002
1776
1025
3152
364
2180
2278
1635
487
983
3106
222
1983
3155
2774
2540
2205
3186
2650
581
491
2529
307
2556
2089
480
3159
479
941
2543
2027
1033
2810
3093
3179
1922
1080
551
695
1598
384
2178
1643
1972
571
1675
3203
1086
1715
2773
360
1196
161
2828
319
2522
1128
1087
2720
1753
3211
2573
2957
2132
2340
644
1282
1263
344
185
337
1743
264
494
2243
2327
1524
1738
172
2879
1970
620
263
3028
1847
449
2913
2256
952
300
896
2013
1995
822
1852
373
2596
2676
1788
1554
2438
1187
2674
2527
900
568
2195
951
2158
1961
779
2929
275
682
714
1911
1713
3112
2923
3085
283
1313
2673
2804
982
1127
2
3046
2287
1705
432
1625
1773
150
1637
2023
1984
1380
1038
1475
1132
1267
3116
1875
2021
5
1771
1784
501
329
721
2282
1301
2982
908
498
1147
2761
1797
29
2074
1328
946
1246
1212
1838
766
2988
3194
2290
3173
1469
2142
3044
1940
423
538
749
1602
445
133
293
2353
936
3154
2208
3030
315
1509
2953
1294
2651
628
1594
2666
1159
2196
535
2319
698
2204
2291
780
1844
804
2342
1986
402
1806
2046
3195
2732
2349
392
2900
1638
262
2817
957
157
2574
938
3196
916
518
1681
3198
1915
2973
2024
1615
3019
2933
462
1521
441
618
1504
3074
854
2821
2838
1720
1091
358
2235
3114
988
348
2729
1829
1990
2569
2229
984
1998
2277
2972
73
767
643
1438
352
1158
596
1613
1825
3233
227
1226
945
541
1651
6
1047
2439
2839
2351
1444
1163
1160
3165
1894
1526
242
3266
1966
2924
2712
1436
670
605
2008
2636
1123
1775
3172
2248
830
1726
1058
604
2539
1628
2921
1589
923
3190
937
1501
1085
1441
2025
1112
228
429
3161
1430
926
3267
834
2107
758
1846
1114
762
2280
879
2128
564
1668
1485
1221
2264
2958
2012
546
366
2123
2100
2281
949
1486
2237
2524
2106
2833
1453
380
737
1818
1133
2133
1969
1587
239
1064
406
2156
1899
2531
787
141
2602
791
2686
1666
1014
2500
38
2647
2628
2149
3099
1552
450
3129
1845
2482
637
1754
2881
799
3082
955
1578
2750
2999
2752
2894
2944
1617
1110
3182
1315
2292
989
1597
1996
2505
2044
2379
927
1897
331
2489
2863
1084
2399
969
410
627
1540
2776
750
244
1622
2011
1774
759
1772
2437
1470
942
863
870
2604
1973
1756
904
522
919
1913
2238
910
965
3048
1624
1809
1719
2022
2700
2751
1839
2331
1523
55
871
131
2341
3024
1394
1921
973
3111
245
648
148
2285
2842
274
1279
