13 88 2089
13 58 7950
13 67 5690
13 60 8009
88 65 4369
88 66 1119
88 34 6394
43 46 8992
43 10 9366
43 71 3758
43 31 2495
46 79 1624
46 92 4848
46 62 5775
10 47 7393
10 21 4719
10 96 3265
33 45 7448
33 92 1745
33 78 6682
33 32 9757
45 50 8571
45 15 3991
45 56 5198
81 94 1252
81 98 5486
81 63 6843
81 92 3591
94 76 9411
94 27 3576
94 29 8250
64 87 8184
64 11 2380
64 15 1473
64 50 8486
87 24 1296
87 69 1223
87 16 2230
18 99 2059
18 25 6207
18 9 5561
18 56 2181
99 73 7069
99 74 1762
99 36 6284
39 97 8598
39 11 4765
39 82 7901
39 67 8836
97 44 1228
97 2 6432
97 8 3049
22 26 7692
22 23 1784
22 73 9565
22 21 9933
26 71 6580
26 84 8114
26 28 1909
73 63 2094
73 79 2547
63 98 3108
63 58 2112
98 25 5820
98 54 1372
55 93 1897
55 21 8680
55 60 7233
55 6 1795
93 85 9459
93 36 4452
93 62 1880
77 90 4176
77 96 7433
77 25 5030
77 82 8408
90 1 1348
90 50 2212
90 91 9423
38 53 3560
38 52 2781
38 42 3614
38 37 8414
53 75 5835
53 70 7759
53 8 1280
11 14 1358
11 21 2360
14 30 3284
14 75 8960
14 8 4624
57 66 4702
57 15 8750
57 9 2393
57 27 7436
66 84 6043
66 20 4614
3 31 2458
3 16 4665
3 75 2906
3 52 5702
31 91 8754
31 36 4088
49 71 1561
49 80 3023
49 50 8161
49 72 7764
71 85 6867
7 65 6241
7 9 8094
7 82 8396
7 59 4941
65 29 8874
65 15 8678
80 17 8966
80 79 1839
80 54 3818
25 72 3112
56 85 1123
56 42 3774
85 58 6539
86 95 1170
86 70 4920
86 30 6963
86 83 3410
95 67 2834
95 68 9576
95 35 3210
29 52 7018
29 0 9998
52 92 6978
1 30 8021
1 78 7991
1 6 4520
0 37 8022
0 79 6831
0 24 1763
37 16 2625
37 28 8456
47 12 6713
47 35 4513
47 41 1831
30 68 4116
68 34 5455
68 82 4828
17 36 1072
17 35 8019
17 19 3890
58 4 7778
4 89 4069
4 72 8102
4 5 5959
89 34 5462
89 24 5730
89 74 2082
67 69 9486
12 28 7898
12 44 9871
12 8 1601
19 34 2731
19 74 1175
19 83 9568
44 20 3641
44 40 8879
59 61 1752
59 83 9698
59 16 5624
61 72 2805
61 41 3676
61 84 9791
75 32 5750
23 70 7724
23 48 9905
23 41 9710
20 35 8550
20 78 5707
96 76 4907
96 51 6903
60 51 2340
60 42 2584
83 91 6604
91 5 1288
84 62 7925
24 40 9231
42 6 7544
70 2 3434
32 40 4718
32 51 2485
78 76 1794
9 41 7726
54 69 7505
54 62 7911
69 48 2267
2 6 4331
2 5 3878
48 76 9294
48 27 9539
28 27 9101
40 74 7176
5 51 9206
