9998 16616
1348 20532
9866 8209
0 15731
7778 18130
11125 9206
18190 0
0 27672
10554 0
16048 7726
9366 15377
7145 3718
6713 19370
0 23738
1358 16868
22892 0
15144 0
8966 12981
0 16008
3890 13474
8255 14257
25692 0
0 28974
1784 27339
8789 9231
17057 3112
7692 16603
29652 0
18263 9101
17124 17016
18268 4116
4953 12842
15507 7203
0 25632
20042 0
24292 0
15896 0
16436 11081
0 18369
0 30100
22828 7176
22943 0
9972 7544
0 24611
11099 12520
7448 17760
8992 12247
7393 13057
12172 18833
0 20509
27430 0
20934 0
15501 6978
3560 14874
5190 15416
0 19605
7379 4897
0 23281
16601 7778
4941 17074
15242 4924
1752 16272
23491 0
8937 5220
0 20523
10610 17552
5821 10657
17360 9486
13692 10283
18214 2267
20403 3434
11899 6867
21783 0
16634 4641
12195 0
17701 5750
25406 0
0 25047
20380 1794
12841 0
3023 14623
0 17172
29533 0
22676 6604
23948 7925
17449 6539
0 16463
8184 4749
2089 11882
4069 13274
4176 12983
24781 1288
17162 0
1897 15791
1252 21237
1170 15620
10698 11810
8598 10709
8594 7192
2059 15115
