0 1 5910
0 2 6588
0 3 5171
1 4 9620
1 26 2259
2 10 1819
2 11 4691
3 18 1116
3 19 1049
4 5 9796
4 33 9793
5 6 4179
5 29 4696
6 7 1137
6 27 8455
7 8 3112
7 14 1667
8 9 1165
8 38 7810
9 10 6120
9 37 5991
10 39 2663
11 12 4009
11 39 6510
12 13 3927
12 35 6976
13 14 3380
13 15 9780
14 34 6714
15 16 5525
15 22 8712
16 17 6310
16 44 8620
17 18 8768
17 43 4076
18 45 4455
19 20 8603
19 45 4891
20 21 7800
20 41 3368
21 22 2812
21 23 2422
22 40 4610
23 24 7442
23 27 5050
24 25 4562
24 32 3700
25 26 5679
25 31 8518
26 33 6498
27 28 2485
28 29 5685
28 32 9452
29 30 2109
30 31 7827
30 33 1345
31 32 9660
34 35 4527
34 38 6194
35 36 8366
36 37 9171
36 39 3517
37 38 3977
40 41 2991
40 44 6541
41 42 5050
42 43 3008
42 45 5841
43 44 4575
